0.367138	3.5081	0.993853	3.00615	7.55737e-05	44	43	0.998757	3.00116	2.92511e-06	19	18	0.985781	3.01142	0.00036391	149	74	74	
8.57723	4.18134	1.00575	2.99425	6.605e-05	61	60	1.00147	2.9986	4.14402e-06	24	23	1.01876	3.00292	0.00224079	235	117	117	
-7.92535	-7.14469	1.00591	2.99409	6.9913e-05	45	44	1.00136	2.99859	3.85578e-06	20	19	0.988061	2.98643	0.00292956	259	129	129	
1.37913	0.47029	1.00607	2.99393	7.37278e-05	53	52	1.0013	2.99878	3.2148e-06	22	21	1.00276	2.98161	0.00132319	193	96	96	
7.44438	9.08139	1.00623	2.99377	7.76735e-05	33	32	1.00128	2.99863	3.54805e-06	17	16	1.01368	3.01291	0.00318073	241	120	120	
0.584429	-5.4442	1.00584	2.99416	6.82847e-05	63	62	1.00115	2.99878	2.82273e-06	25	24	0.999072	2.98113	0.00192396	239	119	119	
4.02448	0.990326	1.0062	2.9938	7.6996e-05	58	57	1.00128	2.99874	3.24318e-06	23	22	1.01535	2.9898	0.00044591	207	103	103	
5.41368	1.87353	1.00615	2.99385	7.55342e-05	59	58	1.00113	2.99893	2.44306e-06	24	23	1.01825	2.99534	0.00109357	215	107	107	
6.22547	-6.78396	1.00581	2.99419	6.74031e-05	69	68	1.0013	2.99873	3.30293e-06	26	25	1.00858	2.98393	0.000556014	251	125	125	
-1.61657	-4.37483	1.00586	2.99414	6.8788e-05	58	57	1.0011	2.99884	2.55634e-06	24	23	0.993847	2.98266	0.00254709	237	118	118	
2.1836	8.11762	0.994014	3.00599	7.1667e-05	56	55	0.998697	3.00129	3.35043e-06	23	22	1.0042	3.01814	0.00234244	221	110	110	
2.11524	8.85495	0.994158	3.00584	6.82526e-05	58	57	0.998952	3.0011	2.32526e-06	24	23	1.00339	3.01779	0.00212322	227	113	113	
0.0430311	9.43236	0.994025	3.00598	7.14111e-05	62	61	0.998533	3.00155	4.58439e-06	24	23	0.997237	3.01857	0.00135226	229	114	114	
-9.12961	-7.66106	1.00599	2.99401	7.16728e-05	37	36	1.00133	2.99872	3.41378e-06	18	17	0.987128	2.98645	0.00314137	261	130	130	
-3.22062	8.31721	0.993753	3.00625	7.80594e-05	64	63	0.99851	3.00159	4.80359e-06	24	23	0.988423	3.01458	0.000382927	231	115	115	
-5.05905	-6.07166	1.00629	2.99371	7.90815e-05	53	52	1.00108	2.99892	2.32744e-06	23	22	0.989526	2.98432	0.00309239	249	124	124	
2.68166	2.39174	1.0059	2.9941	6.96408e-05	51	50	1.00134	2.99858	3.85649e-06	21	20	1.0175	2.99367	0.000845803	179	89	89	
6.00818	-5.04685	1.00623	2.99377	7.77207e-05	67	66	1.0011	2.99893	2.35414e-06	26	25	1.00959	2.98459	0.000465123	245	122	122	
-5.37461	8.41792	0.993743	3.00626	7.82908e-05	66	65	0.998764	3.00121	2.99828e-06	25	24	0.985758	3.0121	0.000367616	239	119	119	
1.61107	9.3292	0.993657	3.00634	8.04654e-05	59	58	0.998772	3.00129	3.18769e-06	24	23	1.00176	3.01827	0.00194325	229	114	114	
1.26621	-0.76693	1.00614	2.99386	7.5324e-05	56	55	1.00121	2.9988	2.90486e-06	23	22	1.00128	2.98183	0.00147157	209	104	104	
-3.16263	0.98056	0.993864	3.00614	7.5311e-05	50	49	0.998928	3.00113	2.45256e-06	22	21	0.98365	2.99207	0.00268869	217	108	108	
-6.74062	5.57299	0.99392	3.00608	7.3932e-05	65	64	0.998607	3.00132	3.70267e-06	25	24	0.982706	3.00575	0.000865278	239	119	119	
1.36937	5.21226	0.994137	3.00586	6.87464e-05	49	48	0.99868	3.00126	3.352e-06	21	20	1.00297	3.01782	0.00205567	189	94	94	
1.65685	-6.60573	1.00605	2.99395	7.32022e-05	65	64	1.00141	2.9985	4.26526e-06	25	24	1.00126	2.9816	0.00151545	245	122	122	
9.99878	9.6466	1.00606	2.99394	7.3479e-05	51	50	1.00122	2.99873	3.11369e-06	22	21	1.01478	3.01092	0.00297835	251	125	125	
-2.41615	-2.66274	1.00579	2.99421	6.70299e-05	51	50	1.0012	2.99885	2.76972e-06	22	21	0.99063	2.98447	0.00280965	231	115	115	
4.75265	0.360424	1.00574	2.99426	6.59743e-05	61	60	1.00114	2.99893	2.4577e-06	24	23	1.01552	2.98909	0.000444545	215	107	107	
-3.66436	0.942106	0.993955	3.00604	7.30818e-05	52	51	0.998707	3.00137	3.58275e-06	22	21	0.983466	2.99271	0.00259794	221	110	110	
-3.25968	8.8403	0.994046	3.00595	7.0901e-05	65	64	0.998875	3.00118	2.6558e-06	25	24	0.9889	3.01522	0.000422666	233	116	116	
-0.991546	4.24848	0.993913	3.00609	7.40924e-05	54	53	0.998815	3.00126	3.01369e-06	22	21	0.98396	3.01006	0.000501668	189	94	94	
5.85437	5.38316	1.00573	2.99427	6.56937e-05	52	51	1.00124	2.99869	3.26571e-06	22	21	1.01635	3.00803	0.00270784	223	111	111	
-5.20066	9.40245	0.993982	3.00602	7.2433e-05	67	66	0.998739	3.00123	3.11703e-06	25	24	0.98684	3.01359	0.000358584	241	120	120	
6.44215	-5.43138	1.00596	2.99404	7.10952e-05	68	67	1.00116	2.99887	2.60681e-06	26	25	1.0099	2.98466	0.000451826	247	123	123	
-2.90933	4.90097	0.994199	3.0058	6.7295e-05	60	59	0.998874	3.00106	2.40429e-06	24	23	0.982986	3.00827	0.000663517	213	106	106	
-2.91055	-1.57628	1.00607	2.99393	7.37901e-05	39	38	1.00109	2.99886	2.49517e-06	19	18	0.988115	2.98609	0.00299595	227	113	113	
-3.549	-0.91464	0.994212	3.00579	6.69991e-05	39	38	0.998914	3.00104	2.26783e-06	19	18	0.986174	2.9881	0.00297942	227	113	113	
2.62368	2.91055	1.00606	2.99394	7.33406e-05	48	47	1.00109	2.99886	2.51456e-06	21	20	1.01873	2.99897	0.00160415	175	87	87	
3.67473	3.52824	1.00615	2.99385	7.55428e-05	50	49	1.00149	2.99845	4.63482e-06	21	20	1.01847	3.00365	0.00231126	195	97	97	
6.46474	-6.64174	1.00584	2.99416	6.82775e-05	69	68	1.0013	2.99874	3.28026e-06	26	25	1.00897	2.98417	0.00051951	251	125	125	
5.98621	-3.0839	1.00587	2.99413	6.89921e-05	66	65	1.00116	2.99881	2.76778e-06	25	24	1.01173	2.98569	0.000368866	237	118	118	
1.46458	-5.53331	1.00589	2.99411	6.94717e-05	64	63	1.00124	2.99868	3.30861e-06	25	24	1.00099	2.98189	0.00150209	241	120	120	
9.53246	-9.92248	1.00605	2.99395	7.31915e-05	72	71	1.00125	2.99883	2.96299e-06	27	26	1.0103	2.9844	0.000461831	263	131	131	
-2.66335	0.502029	0.993721	3.00628	7.88426e-05	44	43	0.998689	3.0013	3.40307e-06	20	19	0.984854	2.98967	0.0029318	215	107	107	
-8.71212	2.7604	0.993795	3.0062	7.6994e-05	64	63	0.998573	3.00134	3.86509e-06	25	24	0.981397	2.99954	0.0017998	245	122	122	
-7.18131	-8.68343	1.00592	2.99408	7.0117e-05	55	54	1.00126	2.99874	3.16494e-06	23	22	0.989603	2.98515	0.00287748	261	130	130	
-6.49525	-7.20756	1.00629	2.99371	7.91375e-05	52	51	1.00147	2.99859	4.13701e-06	22	21	0.988891	2.98487	0.00310616	255	127	127	
-9.31578	-0.188299	0.994236	3.00576	6.64397e-05	62	61	0.998835	3.0011	2.58628e-06	25	24	0.982167	2.99449	0.00252834	249	124	124	
3.81695	8.25556	0.993716	3.00628	7.8978e-05	51	50	0.998702	3.00123	3.21575e-06	22	21	1.00856	3.01597	0.00273619	227	113	113	
3.73089	6.47023	0.993929	3.00607	7.37184e-05	40	39	0.998795	3.00126	3.0466e-06	19	18	1.01129	3.01435	0.00296271	215	107	107	
-5.85681	3.28532	0.994224	3.00578	6.67131e-05	62	61	0.998457	3.00147	4.55208e-06	24	23	0.981192	3.00078	0.00165396	231	115	115	
9.87182	6.58681	1.00586	2.99414	6.87374e-05	59	58	1.0013	2.99877	3.21809e-06	24	23	1.01699	3.00687	0.00261403	245	122	122	
1.49998	8.13532	0.993652	3.00635	8.05922e-05	57	56	0.999005	3.00105	2.09585e-06	24	23	1.00177	3.0182	0.00193072	221	110	110	
4.4499	5.81835	1.00576	2.99424	6.64074e-05	39	38	1.00155	2.99848	4.70987e-06	18	17	1.01426	3.01165	0.00302585	215	107	107	
3.8493	-5.88183	1.00622	2.99378	7.74776e-05	66	65	1.00107	2.99895	2.23726e-06	26	25	1.00575	2.98209	0.000945515	243	121	121	
7.91192	9.67589	1.00618	2.99382	7.62931e-05	29	28	1.00126	2.99872	3.22749e-06	16	15	1.01324	3.01279	0.0030485	245	122	122	
-5.87878	4.06049	0.994222	3.00578	6.67732e-05	63	62	0.998337	3.00157	5.27708e-06	24	23	0.982075	3.00276	0.00124838	233	116	116	
-3.05399	2.59072	0.993838	3.00616	7.59426e-05	55	54	0.998858	3.00116	2.65142e-06	23	22	0.981428	2.99812	0.00202077	211	105	105	
5.51378	8.88302	0.994025	3.00598	7.14097e-05	46	45	0.998919	3.00105	2.27152e-06	21	20	1.01117	3.01456	0.00298656	235	117	117	
-2.76467	2.17627	0.993861	3.00614	7.53642e-05	53	52	0.998615	3.00148	4.15432e-06	22	21	0.981846	2.99603	0.00230372	209	104	104	
-8.78536	0.946379	0.993748	3.00625	7.81827e-05	62	61	0.998766	3.00116	2.89563e-06	25	24	0.982193	2.99626	0.00218754	247	123	123	
5.92761	4.30586	1.00612	2.99388	7.49892e-05	55	54	1.0012	2.99879	2.89379e-06	23	22	1.01747	3.00463	0.00227959	221	110	110	
-8.34101	4.77584	0.994102	3.0059	6.95761e-05	66	65	0.998971	3.00104	2.1369e-06	26	25	0.982107	3.0034	0.00117167	245	122	122	
1.95715	4.64095	0.993761	3.00624	7.78495e-05	39	38	0.998914	3.00115	2.5185e-06	19	18	1.00946	3.01623	0.00299298	181	90	90	
-7.54753	-4.20881	0.994158	3.00584	6.82619e-05	46	45	0.998968	3.00105	2.17684e-06	21	20	0.985962	2.98816	0.00301559	251	125	125	
-7.64763	-7.77581	1.00609	2.99391	7.42594e-05	50	49	1.00116	2.99889	2.57652e-06	22	21	0.988432	2.98559	0.00304182	259	129	129	
6.08203	7.67815	1.00624	2.99376	7.78905e-05	34	33	1.00141	2.9985	4.25531e-06	17	16	1.01394	3.01283	0.00322582	231	115	115	
-7.36442	0.777306	0.993868	3.00613	7.51912e-05	60	59	0.99854	3.00139	4.07751e-06	24	23	0.982247	2.99528	0.00235709	241	120	120	
0.538652	-0.996429	1.00598	2.99402	7.1443e-05	55	54	1.00113	2.99889	2.51812e-06	23	22	0.997886	2.98169	0.00200789	211	105	105	
9.45128	-6.69668	1.00632	2.99368	7.98163e-05	70	69	1.00133	2.99874	3.36484e-06	26	25	1.0119	2.98635	0.000340327	257	128	128	
7.98822	-0.268258	1.00605	2.99395	7.31152e-05	65	64	1.00133	2.99873	3.40925e-06	25	24	1.01643	2.99231	0.000635294	237	118	118	
3.54717	5.65416	0.994146	3.00585	6.8534e-05	22	21	0.998801	3.00129	3.13998e-06	14	13	1.01293	3.01347	0.00313707	207	103	103	
-3.40617	8.23054	0.993688	3.00631	7.96863e-05	64	63	0.998553	3.00155	4.52927e-06	24	23	0.987914	3.01435	0.000372355	231	115	115	
1.23386	4.64949	0.993822	3.00618	7.63302e-05	46	45	0.998609	3.00143	4.00059e-06	20	19	1.00256	3.01807	0.00203645	177	88	88	
-1.36143	-0.578936	1.0059	2.9941	6.97032e-05	45	44	1.00135	2.99863	3.69551e-06	20	19	0.989723	2.98442	0.0030218	213	106	106	
-7.5573	6.4037	0.993654	3.00635	8.05436e-05	66	65	0.998951	3.00107	2.24578e-06	26	25	0.982746	3.00686	0.000776715	243	121	121	
-1.94678	-5.31541	1.00596	2.99404	7.09298e-05	59	58	1.00124	2.9987	3.25364e-06	24	23	0.993746	2.98235	0.00263604	241	120	120	
3.51115	-9.53185	1.00582	2.99418	6.77049e-05	69	68	1.0014	2.99861	3.89286e-06	26	25	1.00372	2.98143	0.00124123	255	127	127	
-9.51109	-5.85253	0.994137	3.00586	6.87429e-05	48	47	0.998722	3.00131	3.34125e-06	21	20	0.98594	2.98816	0.00302155	259	129	129	
2.82083	-4.57808	1.00616	2.99384	7.5802e-05	64	63	1.00123	2.9987	3.22925e-06	25	24	1.00428	2.98218	0.00106921	237	118	118	
-0.94821	1.97729	0.993844	3.00616	7.57901e-05	42	41	0.998451	3.00146	4.55517e-06	19	18	0.983483	2.99133	0.00288564	187	93	93	
7.4102	-8.4753	1.00623	2.99377	7.75244e-05	70	69	1.00154	2.9985	4.62189e-06	26	25	1.00903	2.98384	0.000546006	257	128	128	
-1.17222	5.30992	0.993862	3.00614	7.53529e-05	57	56	0.998619	3.00139	3.8446e-06	22	21	0.987139	3.01368	0.000355086	201	100	100	
8.69015	-3.92315	1.00628	2.99372	7.88793e-05	68	67	1.00147	2.99853	4.33088e-06	25	24	1.01399	2.9874	0.000362334	247	123	123	
-6.68203	-2.56081	0.993927	3.00607	7.37747e-05	50	49	0.998902	3.00115	2.52582e-06	22	21	0.985285	2.98935	0.00290383	245	122	122	
5.38621	7.09037	1.00627	2.99373	7.86418e-05	31	30	1.00153	2.99841	4.86767e-06	16	15	1.01333	3.01243	0.00298708	227	113	113	
-4.08124	5.88122	0.994205	3.00579	6.71639e-05	63	62	0.998492	3.00141	4.30655e-06	24	23	0.983744	3.00922	0.000547375	225	112	112	
1.83264	0.907926	1.0061	2.9939	7.45344e-05	53	52	1.00122	2.99885	2.83843e-06	22	21	1.00671	2.98315	0.000740467	189	94	94	
-0.437941	-4.04584	1.00622	2.99378	7.73929e-05	59	58	1.00125	2.99869	3.28203e-06	24	23	0.996253	2.98164	0.00230598	233	116	116	
-0.257881	9.39634	0.99381	3.00619	7.66229e-05	62	61	0.9985	3.00159	4.7989e-06	24	23	0.996368	3.01847	0.00123472	229	114	114	
7.64336	-9.51353	1.006	2.994	7.20396e-05	71	70	1.00117	2.9989	2.6058e-06	27	26	1.00889	2.98326	0.000605793	259	129	129	
1.57567	2.32826	1.00605	2.99395	7.31698e-05	45	44	1.00123	2.99871	3.18104e-06	19	18	1.01229	2.98566	0.000373352	151	75	75	
9.36827	-3.71502	1.00583	2.99417	6.8068e-05	69	68	1.0011	2.99886	2.53537e-06	26	25	1.01447	2.98839	0.000376708	249	124	124	
-6.35731	-9.40977	1.00623	2.99377	7.75572e-05	58	57	1.00121	2.99873	3.10114e-06	24	23	0.990651	2.98423	0.00286007	261	130	130	
-7.36503	-2.01636	0.993709	3.00629	7.91447e-05	54	53	0.998809	3.00119	2.82954e-06	23	22	0.983977	2.99039	0.00297705	245	122	122	
7.05069	-4.16791	1.00631	2.99369	7.96806e-05	67	66	1.00136	2.99861	3.79895e-06	25	24	1.0122	2.98555	0.000378019	243	121	121	
-2.41554	9.90295	0.993917	3.00608	7.4002e-05	65	64	0.998732	3.00133	3.39815e-06	25	24	0.991968	3.01623	0.000597108	237	118	118	
4.62996	2.18848	1.00608	2.99392	7.39923e-05	57	56	1.00127	2.99873	3.23797e-06	23	22	1.01843	2.99588	0.00117522	207	103	103	
3.92987	6.53859	0.993829	3.00617	7.61647e-05	38	37	0.998532	3.00149	4.37583e-06	18	17	1.01211	3.01463	0.00322176	215	107	107	
-8.03705	-4.30525	0.993878	3.00612	7.49485e-05	48	47	0.998669	3.00137	3.64114e-06	21	20	0.985901	2.9886	0.00292906	253	126	126	
-4.78561	2.313	1.0777e+65	1.0777e+65	2.09058e+131	1002	1001	1.00037	3.00037	2.41271e-06	56	55	0.993394	2.99922	0.000262718	107	53	53	
0.638142	7.02567	-6.10028e+64	-6.10028e+64	6.69842e+130	1002	1001	1.00031	3.00031	1.71645e-06	54	53	0.999394	3.00674	0.000196588	101	50	50	
-6.90298	1.20396	1.6149e+65	1.6149e+65	4.69422e+131	1002	1001	0.999663	2.99966	2.03835e-06	59	58	0.993012	2.99841	0.000345529	111	55	55	
1.85644	3.17545	-1.71811e+64	-1.71811e+64	5.31343e+129	1002	1001	0.999664	2.99966	2.03408e-06	44	43	1.00665	3.00136	0.000303171	77	38	38	
4.80697	6.88528	-1.28077e+65	-1.28077e+65	2.95266e+131	1002	1001	0.999616	2.99962	2.64872e-06	56	55	1.00494	3.00504	0.000448252	105	52	52	
-1.48839	3.71197	2.95776e+64	2.95776e+64	1.5747e+130	1002	1001	1.00036	3.00036	2.35268e-06	39	38	0.993048	3.00199	0.000150817	93	46	46	
-3.1138	-6.00208	2.18381e+65	2.18381e+65	8.58424e+131	1002	1001	1.00028	3.00028	1.37227e-06	62	61	0.997183	2.99384	0.000368539	115	57	57	
-6.12232	7.22221	4.82872e+64	4.82872e+64	4.19698e+130	1002	1001	1.00028	3.00028	1.45232e-06	67	66	0.993702	3.00373	7.98973e-05	111	55	55	
-1.6538	-8.81893	2.40973e+65	2.40973e+65	1.04522e+132	1002	1001	1.00032	3.00032	1.86204e-06	62	61	0.998401	2.99288	0.000357467	117	58	58	
5.01816	3.58318	-7.66128e+64	-7.66128e+64	1.05651e+131	1002	1001	1.00106	3.00106	2.04068e-05	54	53	1.00673	3.00098	0.000284014	101	50	50	
6.36525	-3.51604	1.91608e+64	1.91608e+64	6.60846e+129	1002	1001	1.00064	2.9994	7.69026e-07	22	21	1.00417	2.99493	4.63403e-05	113	56	56	
-0.954314	-2.32643	1.21225e+65	1.21225e+65	2.6452e+131	1002	1001	1.00038	3.00038	2.60375e-06	56	55	0.997769	2.99392	0.000318388	107	53	53	
-2.35572	-4.21613	1.76023e+65	1.76023e+65	5.57711e+131	1002	1001	0.999653	2.99965	2.17185e-06	59	58	0.997033	2.99362	0.000399021	111	55	55	
0.365307	0.15717	5.79012e+64	5.79012e+64	6.03458e+130	1002	1001	0.999705	2.9997	1.56661e-06	53	52	0.99844	2.99301	0.000343682	95	47	47	
-1.43895	4.8442	9.90257e+63	9.90257e+63	1.7651e+129	1002	1001	1.00036	2.9996	3.01235e-07	19	18	0.994723	3.00399	5.03881e-05	97	48	48	
7.01163	-9.03684	1.0032e+65	1.0032e+65	1.81155e+131	1002	1001	1.00035	3.00035	2.19823e-06	60	59	1.00319	2.99362	9.17253e-05	119	59	59	
-2.77139	5.62181	1.91405e+64	1.91405e+64	6.59445e+129	1002	1001	0.999692	2.99969	1.71109e-06	58	57	0.994439	3.00387	5.73538e-05	103	51	51	
4.21674	-8.91598	1.44843e+65	1.44843e+65	3.77633e+131	1002	1001	1.0004	3.0004	2.82385e-06	51	50	1.00171	2.99368	0.000127941	119	59	59	
-9.39879	-2.53761	2.65343e+65	2.65343e+65	1.26732e+132	1002	1001	1.00033	3.00033	1.98617e-06	62	61	0.993734	2.99666	0.000419228	117	58	58	
-6.67104	8.32209	3.91103e+64	3.91103e+64	2.7533e+130	1002	1001	1.00107	3.00107	2.07687e-05	62	61	0.994031	3.00414	6.61363e-05	113	56	56	
9.73693	-6.19861	7.68709e+63	7.68709e+63	1.06364e+129	1002	1001	1.0006	2.99944	6.79157e-07	16	15	1.00463	2.99512	4.54922e-05	119	59	59	
4.20759	-7.39921	1.19741e+65	1.19741e+65	2.58084e+131	1002	1001	0.999671	2.99967	1.94929e-06	40	39	1.00193	2.99373	0.00011811	117	58	58	
-3.64605	4.99985	4.40595e+64	4.40595e+64	3.49423e+130	1002	1001	0.999705	2.99971	1.56158e-06	51	50	0.993972	3.00259	9.02234e-05	105	52	52	
9.21812	6.48	-1.94775e+65	-1.94775e+65	6.82871e+131	1002	1001	1.00039	3.00039	2.69447e-06	59	58	1.00639	3.00271	0.000379619	113	56	56	
-6.19739	-2.0658	2.04184e+65	2.04184e+65	7.50437e+131	1002	1001	0.999606	2.99961	2.79389e-06	59	58	0.9944	2.99606	0.000411088	113	56	56	
6.95853	6.48305	-1.57203e+65	-1.57203e+65	4.44832e+131	1002	1001	1.00031	3.00031	1.6844e-06	59	58	1.00599	3.0035	0.00040807	109	54	54	
5.56993	-7.02689	9.08589e+64	9.08589e+64	1.48596e+131	1002	1001	0.99967	2.99967	1.95619e-06	57	56	1.00275	2.99396	8.73314e-05	117	58	58	
-6.16993	0.872524	1.54803e+65	1.54803e+65	4.3135e+131	1002	1001	0.999684	2.99968	1.79731e-06	59	58	0.99366	2.99812	0.000314048	111	55	55	
4.45173	8.96237	-1.56746e+65	-1.56746e+65	4.42247e+131	1002	1001	1.00031	3.00031	1.67635e-06	59	58	1.00347	3.00599	0.000405805	109	54	54	
-8.40693	-0.500809	2.14915e+65	2.14915e+65	8.31395e+131	1002	1001	1.00028	3.00028	1.36951e-06	62	61	0.993559	2.9976	0.000359687	115	57	57	
5.51866	-3.1663	2.74333e+64	2.74333e+64	1.35465e+130	1002	1001	0.999631	2.99963	2.44476e-06	58	57	1.004	2.99455	5.41787e-05	111	55	55	
9.01608	1.34068	-1.05841e+65	-1.05841e+65	2.01641e+131	1002	1001	1.00034	3.00034	2.06015e-06	54	53	1.00709	2.99853	0.000178754	111	55	55	
5.98682	-7.51152	9.1987e+64	9.1987e+64	1.52309e+131	1002	1001	0.9996	2.9996	2.88662e-06	57	56	1.003	2.99367	9.34722e-05	117	58	58	
5.75549	-4.63546	4.79518e+64	4.79518e+64	4.13888e+130	1002	1001	0.998919	2.99892	2.10264e-05	65	64	1.0037	2.99406	6.90738e-05	113	56	56	
5.13535	9.54588	-1.77844e+65	-1.77844e+65	5.69311e+131	1002	1001	1.00034	3.00034	2.13898e-06	59	58	1.00366	3.00579	0.000403645	111	55	55	
-3.41227	0.336009	1.17821e+65	1.17821e+65	2.49871e+131	1002	1001	1.00036	3.00036	2.30261e-06	56	55	0.994275	2.99654	0.000381904	105	52	52	
7.38334	2.60781	-9.97533e+64	-9.97533e+64	1.79113e+131	1002	1001	0.999655	2.99966	2.1367e-06	57	56	1.00729	2.99955	0.000240494	107	53	53	
4.11908	-0.806604	1.14473e+64	1.14473e+64	2.35873e+129	1002	1001	0.999434	3.00058	6.63479e-07	18	17	1.0046	2.99439	5.67589e-05	103	51	51	
1.65746	1.66051	1.13558e+64	1.13558e+64	2.32119e+129	1002	1001	0.999658	2.99966	2.10545e-06	45	44	1.00306	2.99376	8.8708e-05	85	42	42	
-1.91198	-6.37745	2.04621e+65	2.04621e+65	7.53652e+131	1002	1001	0.998898	2.9989	2.18682e-05	60	59	0.998006	2.99358	0.00032844	115	57	57	
0.175481	8.22748	-7.33099e+64	-7.33099e+64	9.67381e+130	1002	1001	1.0003	3.0003	1.61891e-06	54	53	0.99893	3.00678	0.000177689	105	52	52	
9.40977	-5.54979	2.33133e+63	2.33133e+63	9.78319e+127	1002	1001	1.0006	2.99941	7.03608e-07	16	15	1.00507	2.99485	5.22463e-05	117	58	58	
9.76562	-6.0979	5.53259e+63	5.53259e+63	5.50972e+128	1002	1001	1.00061	2.99941	7.22733e-07	16	15	1.00465	2.99518	4.49997e-05	119	59	59	
-2.94595	-6.51906	2.24194e+65	2.24194e+65	9.04733e+131	1002	1001	1.00029	3.00029	1.46648e-06	62	61	0.997298	2.99348	0.000389798	115	57	57	
-1.14902	-8.09809	2.20566e+65	2.20566e+65	8.75687e+131	1002	1001	1.0003	3.0003	1.59416e-06	62	61	0.998705	2.99331	0.00030125	117	58	58	
-4.08307	-7.59392	2.61024e+65	2.61024e+65	1.2264e+132	1002	1001	1.00033	3.00033	1.94762e-06	62	61	0.996937	2.99362	0.000407052	117	58	58	
-6.77419	2.23914	1.4211e+65	1.4211e+65	3.63512e+131	1002	1001	0.999688	2.99969	1.75164e-06	59	58	0.993126	2.99933	0.000275509	111	55	55	
3.78216	-5.59008	9.67025e+64	9.67025e+64	1.68325e+131	1002	1001	1.00028	3.00027	1.37646e-06	37	36	1.00216	2.99332	0.000131048	113	56	56	
3.74004	1.16062	-1.49961e+64	-1.49961e+64	4.04791e+129	1002	1001	0.998899	2.9989	2.1821e-05	56	55	1.00593	2.99602	6.617e-05	97	48	48	
-4.48775	-5.9093	2.39712e+65	2.39712e+65	1.03432e+132	1002	1001	1.0003	3.0003	1.59532e-06	62	61	0.996242	2.9939	0.000440049	115	57	57	
-0.971404	-4.53536	1.58289e+65	1.58289e+65	4.50995e+131	1002	1001	0.999674	2.99967	1.91655e-06	59	58	0.998257	2.99334	0.000330061	111	55	55	
2.59499	-8.66756	1.67709e+65	1.67709e+65	5.06277e+131	1002	1001	0.999696	2.9997	1.65935e-06	60	59	1.00096	2.99297	0.000197692	117	58	58	
6.4037	-7.67022	8.76881e+64	8.76881e+64	1.38406e+131	1002	1001	1.00032	3.00032	1.89252e-06	60	59	1.00326	2.99357	9.22191e-05	117	58	58	
6.16138	4.74471	-1.14987e+65	-1.14987e+65	2.37997e+131	1002	1001	0.999637	2.99964	2.37254e-06	56	55	1.0067	3.00226	0.000371132	105	52	52	
-5.96973	5.27451	7.81758e+64	7.81758e+64	1.10006e+131	1002	1001	1.00066	2.99924	1.04838e-06	13	12	0.993837	3.00201	0.000110961	111	55	55	
1.60741	-9.70458	2.01419e+65	2.01419e+65	7.30255e+131	1002	1001	1.00029	3.00029	1.54207e-06	63	62	1.00032	2.99326	0.000210067	119	59	59	
-2.4723	6.87063	-6.6322e+63	-6.6322e+63	7.91749e+128	1002	1001	0.999573	3.00045	3.90944e-07	15	14	0.995495	3.00502	4.65865e-05	105	52	52	
2.94351	0.771813	4.7399e+63	4.7399e+63	4.044e+128	1002	1001	0.999672	3.00027	1.94013e-07	17	16	1.00478	2.99452	5.48021e-05	95	47	47	
4.09467	8.8464	-1.4887e+65	-1.4887e+65	3.9892e+131	1002	1001	1.00029	3.00029	1.52775e-06	59	58	1.00311	3.00587	0.000367001	109	54	54	
4.9913	-8.32514	1.22109e+65	1.22109e+65	2.68392e+131	1002	1001	0.999612	2.99961	2.70341e-06	45	44	1.0024	2.99318	0.000130462	117	58	58	
-2.68715	0.196234	1.08075e+65	1.08075e+65	2.10242e+131	1002	1001	1.00033	3.00033	1.90148e-06	56	55	0.994564	2.99587	0.000413	103	51	51	
-8.43684	9.19614	5.3958e+64	5.3958e+64	5.24064e+130	1002	1001	0.998905	2.99891	2.15712e-05	65	64	0.994314	3.00373	6.15239e-05	117	58	58	
-4.26984	3.91644	7.24847e+64	7.24847e+64	9.45725e+130	1002	1001	0.999723	2.99972	1.37788e-06	54	53	0.993163	3.00119	0.000175784	105	52	52	
7.74041	5.87939	-1.60171e+65	-1.60171e+65	4.61784e+131	1002	1001	1.00032	3.00032	1.81981e-06	59	58	1.00596	3.00255	0.000331393	111	55	55	
8.3636	3.00882	-1.22752e+65	-1.22752e+65	2.71223e+131	1002	1001	1.00028	3.00028	1.44511e-06	59	58	1.00651	3.00001	0.000212362	111	55	55	
4.37178	-0.389111	2.88622e+62	2.88622e+62	1.49944e+126	1002	1001	1.00046	2.99953	4.33141e-07	15	14	1.00497	2.995	4.96862e-05	103	51	51	
0.235298	-3.64177	1.23319e+65	1.23319e+65	2.73735e+131	1002	1001	1.00111	3.00111	2.22303e-05	57	56	0.999232	2.99333	0.000266644	109	54	54	
-7.0629	1.55065	1.5838e+65	1.5838e+65	4.51517e+131	1002	1001	0.999664	2.99966	2.02812e-06	59	58	0.992871	2.99872	0.000335424	111	55	55	
-8.92026	-4.87655	2.96319e+65	2.96319e+65	1.58049e+132	1002	1001	1.00036	3.00036	2.39163e-06	62	61	0.99474	2.99582	0.000401317	119	59	59	
-1.12522	8.63399	-5.84215e+64	-5.84215e+64	6.14353e+130	1002	1001	1.00107	3.00107	2.04611e-05	46	45	0.997573	3.00643	0.000111468	107	53	53	
0.334788	0.260323	5.66918e+64	5.66918e+64	5.78513e+130	1002	1001	0.999713	2.99971	1.48288e-06	53	52	0.998365	2.99326	0.000328354	95	47	47	
-8.4814	6.26942	1.0343e+65	1.0343e+65	1.92561e+131	1002	1001	1.00036	3.00036	2.30174e-06	42	41	0.993508	3.00224	0.000119526	115	57	57	
1.5482	-8.20246	1.77395e+65	1.77395e+65	5.66439e+131	1002	1001	0.998935	2.99894	2.03982e-05	61	60	1.00033	2.99325	0.000210525	117	58	58	
-1.24424	-3.14127	1.3962e+65	1.3962e+65	3.50886e+131	1002	1001	0.99972	2.99972	1.41532e-06	59	58	0.997745	2.99383	0.000327114	109	54	54	
-0.676595	-9.49522	2.35962e+65	2.35962e+65	1.00221e+132	1002	1001	1.00033	3.00033	1.91344e-06	62	61	0.999111	2.99337	0.000270562	119	59	59	
4.54146	-0.242622	-4.97567e+63	-4.97567e+63	4.45632e+128	1002	1001	1.00044	2.99961	3.5125e-07	15	14	1.00522	2.99522	5.08983e-05	103	51	51	
-8.0694	2.55898	1.5835e+65	1.5835e+65	4.51343e+131	1002	1001	0.999644	2.99964	2.28484e-06	59	58	0.992943	2.99966	0.000268954	113	56	56	
-2.61452	-1.6892	1.38258e+65	1.38258e+65	3.44074e+131	1002	1001	1.0011	3.0011	2.1809e-05	57	56	0.995873	2.99465	0.000405255	107	53	53	
-7.29484	7.84722	5.74032e+64	5.74032e+64	5.93123e+130	1002	1001	1.00034	3.00034	2.13324e-06	67	66	0.99432	3.00332	6.55645e-05	115	57	57	
7.94671	-0.418409	-5.87467e+64	-5.87467e+64	6.21211e+130	1002	1001	1.0003	3.0003	1.62033e-06	57	56	1.00614	2.99698	8.57929e-05	111	55	55	
-6.64113	2.5309	1.35036e+65	1.35036e+65	3.28226e+131	1002	1001	0.999698	2.9997	1.63973e-06	59	58	0.993244	2.99959	0.000251512	111	55	55	
3.84259	2.39845	-3.73135e+64	-3.73135e+64	2.50613e+130	1002	1001	1.00028	3.00028	1.43859e-06	48	47	1.00699	2.99852	0.000172461	95	47	47	
2.33436	-3.51176	8.62044e+64	8.62044e+64	1.33761e+131	1002	1001	0.999721	2.99972	1.40247e-06	54	53	1.00134	2.99346	0.000152852	109	54	54	
-0.17365	-0.646077	8.0249e+64	8.0249e+64	1.15918e+131	1002	1001	0.999603	2.9996	2.84338e-06	53	52	0.997765	2.99306	0.00039001	99	49	49	
1.31993	-3.73394	1.06794e+65	1.06794e+65	2.0529e+131	1002	1001	1.00038	3.00038	2.58784e-06	57	56	1.00032	2.99323	0.000212013	109	54	54	
-8.5754	8.36604	7.00863e+64	7.00863e+64	8.84175e+130	1002	1001	0.999717	2.99972	1.43875e-06	70	69	0.99423	3.00323	6.9476e-05	117	58	58	
-6.9451	-5.83789	2.79439e+65	2.79439e+65	1.40555e+132	1002	1001	1.00034	3.00034	2.11715e-06	62	61	0.995213	2.99467	0.000460339	117	58	58	
-9.81017	-0.560625	2.39275e+65	2.39275e+65	1.03055e+132	1002	1001	1.00031	3.00031	1.72992e-06	62	61	0.993486	2.99785	0.000346956	117	58	58	
3.55022	-5.93005	1.06225e+65	1.06225e+65	2.03107e+131	1002	1001	0.999656	2.99966	2.13235e-06	48	47	1.00198	2.99305	0.000150786	113	56	56	
8.66878	-7.75384	5.13665e+64	5.13665e+64	4.74933e+130	1002	1001	0.999688	2.99969	1.7548e-06	64	63	1.00407	2.9943	5.97539e-05	119	59	59	
-8.15668	-5.29588	2.90587e+65	2.90587e+65	1.51994e+132	1002	1001	1.00036	3.00036	2.28905e-06	62	61	0.995145	2.9956	0.000385481	119	59	59	
-6.77175	-9.84558	3.43281e+65	3.43281e+65	2.12115e+132	1002	1001	1.00113	3.00113	2.29877e-05	63	62	0.996374	2.99401	0.000419286	121	60	60	
-9.57457	0.831629	2.12171e+65	2.12171e+65	8.10301e+131	1002	1001	1.00029	3.00029	1.46302e-06	62	61	0.993628	2.99869	0.000278131	117	58	58	
-7.13919	6.31825	8.02693e+64	8.02693e+64	1.15977e+131	1002	1001	0.999605	2.9996	2.81411e-06	51	50	0.993667	3.00258	0.000103057	113	56	56	
9.44823	3.137	-1.42945e+65	-1.42945e+65	3.67799e+131	1002	1001	1.00033	3.00033	1.92771e-06	59	58	1.00657	3.00011	0.000221715	113	56	56	
2.08106	7.47429	-9.24971e+64	-9.24971e+64	1.54003e+131	1002	1001	0.9997	2.9997	1.61781e-06	56	55	1.00159	3.0066	0.000314418	103	51	51	
7.85211	-2.65114	-1.99962e+64	-1.99962e+64	7.19726e+129	1002	1001	1.0003	3.0003	1.57897e-06	55	54	1.00533	2.9956	5.12528e-05	113	56	56	
6.05884	-8.94772	1.14701e+65	1.14701e+65	2.36812e+131	1002	1001	0.999712	2.99971	1.48917e-06	57	56	1.00268	2.99366	0.000100703	119	59	59	
4.52986	3.24381	-6.28321e+64	-6.28321e+64	7.10617e+130	1002	1001	1.00034	3.00034	2.10029e-06	53	52	1.00672	3.00046	0.000251868	99	49	49	
6.09912	1.23203	-5.54641e+64	-5.54641e+64	5.53729e+130	1002	1001	0.999646	2.99964	2.29028e-06	28	27	1.00662	2.99771	0.000123755	105	52	52	
-7.34489	-5.83972	1.00068	2.99929	9.70278e-07	253	9	0.999844	3.00021	8.45233e-08	113	4	1	3	9.24916e-21	88	3	3	
-6.39943	-0.429395	0.999958	3.00004	3.52263e-09	141	5	0.999994	3.00001	8.511e-11	169	6	1	3	3.72729e-21	88	3	3	
-9.69909	-2.35145	0.999948	3.00005	5.46899e-09	141	5	0.999998	3	7.93605e-12	141	5	1	3	8.16756e-21	88	3	3	
-9.38597	-4.17463	0.999962	3.00004	2.83865e-09	141	5	1.00031	2.99936	9.43048e-07	113	4	1	3	9.69328e-21	88	3	3	
-9.52818	-2.12928	0.999932	3.00007	9.1277e-09	141	5	1	3	1.52423e-13	169	6	1	3	7.77907e-21	88	3	3	
5.12741	-5.40269	1.00096	2.99911	1.71977e-06	533	19	1	3	2.74534e-12	141	5	1	3	1.1188e-21	88	3	3	
3.67168	0.393994	1.00011	2.99989	2.54791e-08	225	8	0.999509	3.00046	4.58975e-07	85	3	1	3	5.08367e-15	59	2	2	
-0.797449	3.41777	0.999654	3.00036	2.5229e-07	309	11	1	3	3.96831e-15	141	5	1	3	4.01674e-15	59	2	2	
-3.85907	9.97986	0.998001	3.00173	7.28488e-06	869	31	0.999988	3.00001	3.16639e-10	141	5	1	3	6.28593e-22	88	3	3	
-1.90832	-2.09021	1.00003	2.99997	1.40043e-09	141	5	0.999063	3.00079	1.58805e-06	113	4	1	3	1.05809e-13	59	2	2	
-3.11808	2.01819	0.999965	3.00004	2.5123e-09	197	7	1.00002	2.99997	1.91718e-09	113	4	1	3	4.44555e-14	59	2	2	
-1.55004	9.6411	0.999447	3.00052	5.82523e-07	421	15	0.999999	3	2.90519e-12	141	5	1	3	4.28503e-14	59	2	2	
-3.40617	-1.78991	1.00052	2.99946	5.71502e-07	197	7	0.999965	3.00004	2.48803e-09	113	4	1	3	1.38745e-13	59	2	2	
3.7785	-7.7044	1.00025	2.99976	1.24854e-07	365	13	1	3	1.10658e-11	141	5	1	3	2.59992e-21	88	3	3	
-8.34956	7.13614	0.999066	3.001	1.88173e-06	477	17	0.999998	3	1.2664e-11	141	5	1	3	1.48402e-21	88	3	3	
5.21836	-8.20063	1.00095	2.9991	1.71158e-06	421	15	1.00001	2.99999	2.56491e-10	141	5	1	3	2.35399e-21	88	3	3	
-3.75652	0.335398	0.999976	3.00002	1.13337e-09	141	5	1.00088	2.99891	2.12178e-06	113	4	1	3	9.11349e-14	59	2	2	
-4.18195	-3.9964	1.00002	2.99998	7.48986e-10	141	5	0.999403	3.00055	6.66507e-07	113	4	1	3	4.65615e-21	88	3	3	
-4.1905	4.51399	0.999773	3.00024	1.07686e-07	365	13	0.999998	3	4.13722e-12	141	5	1	3	3.03641e-14	59	2	2	
-3.58989	9.57457	0.998133	3.00162	6.35965e-06	869	31	1.00022	2.99978	9.39273e-08	85	3	1	3	5.57046e-22	88	3	3	
4.87777	0.510575	1.00153	2.99828	5.42277e-06	701	25	0.999984	3	1.40095e-09	113	4	1	3	1.05507e-14	59	2	2	
1.20396	9.69665	0.999875	3.00012	3.03873e-08	253	9	1	3	7.40396e-13	141	5	1	3	8.57922e-14	59	2	2	
2.44911	9.64904	0.999946	3.00005	5.72265e-09	197	7	0.999999	3	2.71605e-12	141	5	1	3	1.125e-13	59	2	2	
1.23814	8.22443	0.999905	3.00009	1.7444e-08	253	9	0.999982	3.00002	6.765e-10	169	6	1	3	5.3478e-14	59	2	2	
8.04804	-1.90527	1.00181	2.99791	7.93071e-06	869	31	1.00001	2.99999	4.00945e-10	141	5	1	3	6.40952e-22	88	3	3	
-6.19434	-4.09589	0.997897	3.00171	7.96505e-06	421	15	1.00002	2.99998	7.42741e-10	113	4	1	3	6.39521e-21	88	3	3	
-8.44539	-0.152898	0.999894	3.00011	2.26525e-08	197	7	1	3	1.50666e-11	169	6	1	3	5.10819e-21	88	3	3	
-4.01654	-5.71093	1.00004	2.99996	3.53892e-09	141	5	0.998531	3.00124	3.90667e-06	113	4	1	3	5.94901e-21	88	3	3	
-0.0399792	8.98618	0.99975	3.00024	1.20953e-07	309	11	0.999995	3	4.62204e-11	141	5	1	3	4.91276e-14	59	2	2	
-9.61425	-9.02158	1.00028	2.99971	1.62557e-07	197	7	0.999699	3.00029	1.74283e-07	113	4	1	3	1.60535e-20	88	3	3	
-5.84887	1.80395	0.999951	3.00005	4.95406e-09	197	7	0.999994	3.00001	8.45381e-11	169	6	1	3	1.11987e-13	59	2	2	
1.26926	3.79559	0.999785	3.00021	9.05845e-08	141	5	0.99981	3.00025	1.14796e-07	113	4	1	3	1.91046e-15	59	2	2	
-1.13315	-0.555742	1.00002	2.99998	4.70611e-10	141	5	0.999207	3.00062	1.13486e-06	113	4	1	3	5.34553e-14	59	2	2	
9.1174	9.54527	0.999985	2.99995	1.98781e-08	169	6	0.999735	3.00024	1.30247e-07	113	4	1	3	6.7416e-21	88	3	3	
-1.05991	-8.32331	1.00009	2.99992	1.42595e-08	197	7	1.00001	2.99999	1.20291e-10	169	6	1	3	5.90792e-21	88	3	3	
1.82104	2.95633	1.00017	2.99983	5.94915e-08	197	7	0.999959	3.0002	1.41775e-07	113	4	1	3	1.12752e-15	59	2	2	
4.95529	-7.57805	1.0009	2.99915	1.54972e-06	421	15	1.00001	2.99999	2.57723e-10	141	5	1	3	2.10866e-21	88	3	3	
-9.4055	1.45543	0.999931	3.00007	9.82796e-09	197	7	0.999997	3	1.58998e-11	141	5	1	3	4.74535e-21	88	3	3	
1.44261	7.66961	0.999973	3.00003	1.4233e-09	197	7	0.999999	3	2.43289e-12	141	5	1	3	4.61258e-14	59	2	2	
8.73409	1.37547	1.00028	2.99971	1.67829e-07	309	11	1	3	4.53259e-11	141	5	1	3	1.47368e-21	88	3	3	
0.740074	6.39271	0.999758	3.00023	1.13234e-07	253	9	0.999978	3.00002	9.32553e-10	169	6	1	3	1.85303e-14	59	2	2	
1.35533	1.24302	1.00048	2.99953	4.49235e-07	253	9	1	3	1.88557e-14	141	5	1	3	4.03583e-15	59	2	2	
-4.36079	-4.89486	1.00003	2.99997	1.48564e-09	141	5	1	3	3.41566e-13	141	5	1	3	5.52513e-21	88	3	3	
4.23811	-2.24708	1.00134	2.99879	3.32582e-06	701	25	0.999995	3.00001	5.35379e-11	141	5	1	3	1.97425e-14	59	2	2	
-6.04785	6.6747	0.999284	3.00078	1.12804e-06	589	21	0.999995	3.00001	5.44407e-11	141	5	1	3	7.56383e-22	88	3	3	
-0.110172	-9.92737	1.0003	2.99971	1.77888e-07	309	11	1.00002	2.99998	9.20758e-10	169	6	1	3	6.65701e-21	88	3	3	
8.1109	4.00922	1.00005	2.99995	4.36e-09	197	7	1	3	2.86055e-11	169	6	1	3	1.14942e-13	59	2	2	
8.96603	-1.91565	1.00183	2.99796	7.66509e-06	701	25	0.999992	3.00001	1.14874e-10	141	5	1	3	8.68877e-22	88	3	3	
2.93252	9.26572	0.999934	3.00006	8.50503e-09	197	7	0.999998	3	7.50122e-12	141	5	1	3	1.1367e-13	59	2	2	
5.16221	-9.80224	1.00032	2.99969	2.00186e-07	421	15	1.00015	2.99993	5.45819e-08	113	4	1	3	3.33921e-21	88	3	3	
-5.32212	-0.818201	0.999973	3.00003	1.45796e-09	141	5	1.00107	2.99863	3.38425e-06	113	4	1	3	3.24218e-21	88	3	3	
-8.28608	6.36647	0.999513	3.00051	5.046e-07	421	15	0.999991	2.99998	4.68056e-09	113	4	1	3	1.65453e-21	88	3	3	
4.51827	-2.83303	1.00196	2.99822	7.14734e-06	645	23	0.999998	3	5.62812e-12	141	5	1	3	2.47269e-14	59	2	2	
7.62078	-8.09015	1.00154	2.9986	4.42943e-06	701	25	1.00001	2.99998	4.26086e-10	141	5	1	3	1.71715e-21	88	3	3	
-0.456252	2.78115	0.999966	2.99999	9.69923e-09	169	6	1	3	1.51585e-13	141	5	1	3	4.88173e-15	59	2	2	
1.71422	7.79901	0.999967	3.00003	2.08854e-09	197	7	0.999998	3	8.9841e-12	141	5	1	3	5.28996e-14	59	2	2	
4.43709	9.21323	0.999968	3.00003	1.99601e-09	141	5	1.00162	2.99871	4.69625e-06	113	4	1	3	1.54165e-13	59	2	2	
2.71828	-7.00674	1.00042	2.99959	3.40963e-07	309	11	1.00001	2.99999	1.07207e-10	169	6	1	3	2.62969e-21	88	3	3	
-3.06681	9.3994	0.998673	3.00119	3.24894e-06	757	27	0.999998	3	7.74893e-12	141	5	1	3	5.51587e-22	88	3	3	
3.39396	4.48958	1.00001	2.99999	2.26452e-10	141	5	0.999619	3.00048	4.14078e-07	113	4	1	3	2.48882e-14	59	2	2	
-9.80407	1.39683	0.999928	3.00007	1.05966e-08	197	7	0.999993	3.00001	8.44736e-11	141	5	1	3	5.11555e-21	88	3	3	
6.92434	-9.32188	1.00074	2.99931	1.02432e-06	533	19	1	3	4.76026e-14	141	5	1	3	2.44012e-21	88	3	3	
-4.7673	-6.36036	1.00004	2.99996	3.57436e-09	141	5	0.998095	3.00151	6.53468e-06	113	4	1	3	7.21174e-21	88	3	3	
-6.3567	3.65459	0.999745	3.00026	1.35327e-07	309	11	0.99997	3.00003	1.6623e-09	169	6	1	3	1.63005e-21	88	3	3	
6.47267	0.702231	1.0013	2.99862	3.61469e-06	421	15	0.999998	3	7.84428e-12	141	5	1	3	2.7539e-14	59	2	2	
-3.75713	6.09424	0.998785	3.00136	3.42891e-06	757	27	1	2.99999	5.36286e-11	141	5	1	3	1.57709e-14	59	2	2	
3.63384	-9.80346	1.00049	2.99953	4.70013e-07	309	11	1	3	3.79617e-11	141	5	1	3	4.0682e-21	88	3	3	
1.58361	-1.67516	1.00058	2.99944	6.57792e-07	253	9	1.00017	2.99992	7.34206e-08	113	4	1	3	3.25005e-14	59	2	2	
-6.99454	-8.57112	1.00004	2.99996	3.52108e-09	141	5	0.999999	3	1.74301e-12	141	5	1	3	1.20336e-20	88	3	3	
7.22831	1.22166	1.00027	2.99972	1.53988e-07	365	13	1.00001	3.00003	5.62763e-09	113	4	1	3	4.41657e-14	59	2	2	
1.26988	6.43422	0.999497	3.00049	4.90119e-07	253	9	0.999986	3.00002	4.32811e-10	169	6	1	3	2.43306e-14	59	2	2	
-9.17051	0.545366	0.999911	3.00009	1.61234e-08	197	7	0.999916	3.00003	1.96469e-08	113	4	1	3	5.19893e-21	88	3	3	
4.98459	-5.97766	1.00096	2.9991	1.73851e-06	477	17	1	3	3.01676e-12	141	5	1	3	1.36562e-21	88	3	3	
0.496536	8.34834	0.99981	3.00018	6.99514e-08	309	11	0.999975	3.00003	1.33721e-09	169	6	1	3	4.4744e-14	59	2	2	
8.85983	7.45964	1.00004	2.99996	3.40096e-09	141	5	0.998704	3.00156	4.40793e-06	113	4	1	3	4.79322e-21	88	3	3	
4.25642	7.08182	0.999674	3.00033	2.15589e-07	141	5	1.00018	2.99983	6.3578e-08	113	4	1	3	8.84548e-14	59	2	2	
-4.05744	-3.59966	1.00004	3.00001	1.24141e-08	169	6	0.99959	3.00028	3.17447e-07	113	4	1	3	4.26386e-21	88	3	3	
6.74795	-7.98212	1.00121	2.99889	2.73374e-06	589	21	1.00001	2.99999	8.7172e-11	141	5	1	3	1.83204e-21	88	3	3	
2.84707	-6.292	1.00036	2.99965	2.56407e-07	309	11	1	3	3.90619e-12	141	5	1	3	2.16756e-21	88	3	3	
-8.73592	-2.37831	0.99995	3.00005	4.91786e-09	141	5	0.999993	3.00001	1.04564e-10	169	6	1	3	7.22012e-21	88	3	3	
3.14493	-2.21778	1.00077	2.99927	1.13685e-06	421	15	1	3	4.44484e-11	141	5	1	3	2.53686e-14	59	2	2	
-4.72457	3.48735	0.9998	3.00021	8.33107e-08	309	11	0.999984	3.00001	4.93715e-10	169	6	1	3	5.20243e-14	59	2	2	
-7.9577	-8.98312	1.00012	2.99987	3.07618e-08	197	7	0.999131	3.00111	2.21065e-06	113	4	1	3	1.37653e-20	88	3	3	
-2.45338	5.47777	0.998758	3.00144	3.79221e-06	869	31	0.999997	3	2.04665e-11	141	5	1	3	7.97285e-15	59	2	2	
-4.5201	5.01755	0.998895	3.00116	2.59026e-06	365	13	0.999998	3	5.55822e-12	141	5	1	3	3.04783e-14	59	2	2	
4.98825	7.67693	0.999726	3.00028	1.52698e-07	141	5	1.0002	2.99982	7.30081e-08	113	4	1	3	1.2325e-13	59	2	2	
-3.23893	-6.79739	1.00011	2.9999	2.1741e-08	253	9	1.00002	2.99998	7.43926e-10	169	6	1	3	6.27762e-21	88	3	3	
-2.64687	0.791955	0.999983	3.00002	5.73168e-10	141	5	1.00061	2.99922	1.10374e-06	113	4	1	3	5.66074e-14	59	2	2	
3.85174	1.41209	1.00138	2.99849	4.237e-06	533	19	1	3	3.58881e-13	141	5	1	3	6.21242e-15	59	2	2	
-2.08167	2.6249	0.999981	3.00002	7.33884e-10	197	7	0.999993	3.00001	1.13985e-10	169	6	1	3	2.09357e-14	59	2	2	
-9.53429	-2.85623	0.999947	3.00005	5.66775e-09	141	5	0.999993	3.00001	8.62366e-11	169	6	1	3	8.48973e-21	88	3	3	
8.25617	6.23829	1.00005	2.99995	4.82584e-09	141	5	1.00001	2.99999	1.17672e-10	169	6	1	3	3.50542e-21	88	3	3	
-5.93249	8.0578	0.99813	3.00219	8.71661e-06	925	33	1	3	4.82387e-11	141	5	1	3	6.10375e-22	88	3	3	
-4.75631	-8.55953	1.00008	2.99992	1.18329e-08	141	5	1	3	2.69957e-12	141	5	1	3	9.50735e-21	88	3	3	
3.9079	-9.64721	1.00055	2.99947	5.78764e-07	365	13	0.999995	3	4.53513e-11	141	5	1	3	3.81271e-21	88	3	3	
8.41609	5.22385	1.00008	2.99992	1.15193e-08	197	7	1	3	4.02385e-11	141	5	1	3	3.00421e-21	88	3	3	
2.2306	-2.33985	1.00023	2.99978	1.03095e-07	365	13	0.999997	3	2.58241e-11	141	5	1	3	3.55666e-14	59	2	2	
-4.20026	6.75832	0.998011	3.00232	9.75302e-06	869	31	1.00001	2.99999	6.04647e-11	141	5	1	3	1.80378e-14	59	2	2	
-8.23542	-8.93979	1.00002	2.99998	7.33526e-10	197	7	0.999361	3.00057	7.50775e-07	113	4	1	3	1.4068e-20	88	3	3	
-3.65276	2.5956	0.999347	3.00068	8.88099e-07	253	9	0.999995	3	4.64094e-11	169	6	1	3	4.52404e-14	59	2	2	
