0	0	100
0.01	-0.0414706	99.9996
0.02	-0.0829019	99.9983
0.03	-0.124291	99.9962
0.04	-0.165636	99.9932
0.05	-0.206933	99.9894
0.06	-0.24818	99.9848
0.07	-0.289374	99.9793
0.08	-0.330512	99.973
0.09	-0.371593	99.9658
0.1	-0.412611	99.9578
0.11	-0.453566	99.949
0.12	-0.494455	99.9393
0.13	-0.535274	99.9287
0.14	-0.57602	99.9174
0.15	-0.616692	99.9052
0.16	-0.657285	99.8921
0.17	-0.697798	99.8783
0.18	-0.738227	99.8635
0.19	-0.778571	99.848
0.2	-0.818825	99.8316
0.21	-0.858987	99.8144
0.22	-0.899054	99.7963
0.23	-0.939023	99.7775
0.24	-0.978892	99.7577
0.25	-1.01866	99.7372
0.26	-1.05832	99.7158
0.27	-1.09787	99.6936
0.28	-1.13731	99.6705
0.29	-1.17663	99.6467
0.3	-1.21584	99.622
0.31	-1.25492	99.5964
0.32	-1.29388	99.5701
0.33	-1.33272	99.5429
0.34	-1.37143	99.5149
0.35	-1.41	99.486
0.36	-1.44844	99.4564
0.37	-1.48674	99.4259
0.38	-1.5249	99.3946
0.39	-1.56292	99.3624
0.4	-1.60079	99.3295
0.41	-1.63852	99.2957
0.42	-1.67609	99.2611
0.43	-1.7135	99.2257
0.44	-1.75076	99.1894
0.45	-1.78786	99.1524
0.46	-1.82479	99.1145
0.47	-1.86156	99.0758
0.48	-1.89815	99.0363
0.49	-1.93458	98.9959
0.5	-1.97083	98.9548
0.51	-2.0069	98.9128
0.52	-2.0428	98.87
0.53	-2.07851	98.8264
0.54	-2.11403	98.782
0.55	-2.14936	98.7368
0.56	-2.1845	98.6908
0.57	-2.21945	98.644
0.58	-2.2542	98.5963
0.59	-2.28875	98.5479
0.6	-2.3231	98.4986
0.61	-2.35724	98.4486
0.62	-2.39118	98.3977
0.63	-2.4249	98.346
0.64	-2.45841	98.2936
0.65	-2.4917	98.2403
0.66	-2.52477	98.1862
0.67	-2.55762	98.1313
0.68	-2.59025	98.0757
0.69	-2.62264	98.0192
0.7	-2.65481	97.9619
0.71	-2.68675	97.9039
0.72	-2.71845	97.845
0.73	-2.74991	97.7853
0.74	-2.78113	97.7249
0.75	-2.81211	97.6637
0.76	-2.84284	97.6016
0.77	-2.87332	97.5388
0.78	-2.90355	97.4752
0.79	-2.93353	97.4108
0.8	-2.96325	97.3457
0.81	-2.99271	97.2797
0.82	-3.02192	97.2129
0.83	-3.05085	97.1454
0.84	-3.07952	97.0771
0.85	-3.10793	97.008
0.86	-3.13606	96.9382
0.87	-3.16392	96.8675
0.88	-3.1915	96.7961
0.89	-3.2188	96.7239
0.9	-3.24582	96.651
0.91	-3.27256	96.5772
0.92	-3.29901	96.5027
0.93	-3.32517	96.4274
0.94	-3.35104	96.3514
0.95	-3.37662	96.2746
0.96	-3.40191	96.197
0.97	-3.42689	96.1187
0.98	-3.45158	96.0396
0.99	-3.47596	95.9597
1	-3.50004	95.8791
1.01	-3.52382	95.7977
1.02	-3.54728	95.7156
1.03	-3.57043	95.6327
1.04	-3.59327	95.5491
1.05	-3.6158	95.4647
1.06	-3.638	95.3796
1.07	-3.65989	95.2937
1.08	-3.68145	95.207
1.09	-3.70269	95.1196
1.1	-3.7236	95.0315
1.11	-3.74419	94.9427
1.12	-3.76444	94.853
1.13	-3.78437	94.7627
1.14	-3.80395	94.6716
1.15	-3.8232	94.5798
1.16	-3.84212	94.4872
1.17	-3.86069	94.3939
1.18	-3.87892	94.2999
1.19	-3.8968	94.2052
1.2	-3.91434	94.1097
1.21	-3.93153	94.0135
1.22	-3.94838	93.9166
1.23	-3.96486	93.8189
1.24	-3.981	93.7206
1.25	-3.99678	93.6215
1.26	-4.0122	93.5217
1.27	-4.02727	93.4211
1.28	-4.04197	93.3199
1.29	-4.05631	93.218
1.3	-4.07029	93.1153
1.31	-4.0839	93.0119
1.32	-4.09714	92.9079
1.33	-4.11001	92.8031
1.34	-4.12251	92.6976
1.35	-4.13464	92.5914
1.36	-4.1464	92.4845
1.37	-4.15778	92.377
1.38	-4.16878	92.2687
1.39	-4.1794	92.1597
1.4	-4.18964	92.0501
1.41	-4.1995	91.9397
1.42	-4.20898	91.8287
1.43	-4.21807	91.7169
1.44	-4.22678	91.6045
1.45	-4.2351	91.4914
1.46	-4.24303	91.3777
1.47	-4.25057	91.2632
1.48	-4.25771	91.1481
1.49	-4.26447	91.0323
1.5	-4.27083	90.9158
1.51	-4.27679	90.7987
1.52	-4.28236	90.6809
1.53	-4.28752	90.5624
1.54	-4.29229	90.4433
1.55	-4.29666	90.3235
1.56	-4.30063	90.203
1.57	-4.30419	90.0819
1.58	-4.30735	89.9601
1.59	-4.3101	89.8377
1.6	-4.31245	89.7146
1.61	-4.31439	89.5908
1.62	-4.31592	89.4664
1.63	-4.31704	89.3414
1.64	-4.31775	89.2157
1.65	-4.31804	89.0894
1.66	-4.31793	88.9625
1.67	-4.3174	88.8349
1.68	-4.31646	88.7067
1.69	-4.3151	88.5778
1.7	-4.31332	88.4483
1.71	-4.31113	88.3182
1.72	-4.30852	88.1874
1.73	-4.30549	88.0561
1.74	-4.30204	87.9241
1.75	-4.29817	87.7914
1.76	-4.29388	87.6582
1.77	-4.28917	87.5244
1.78	-4.28403	87.3899
1.79	-4.27847	87.2548
1.8	-4.27249	87.1191
1.81	-4.26608	86.9828
1.82	-4.25924	86.8459
1.83	-4.25198	86.7084
1.84	-4.24429	86.5703
1.85	-4.23618	86.4316
1.86	-4.22763	86.2923
1.87	-4.21866	86.1524
1.88	-4.20926	86.0119
1.89	-4.19943	85.8709
1.9	-4.18917	85.7292
1.91	-4.17847	85.5869
1.92	-4.16735	85.4441
1.93	-4.15579	85.3007
1.94	-4.14381	85.1567
1.95	-4.13139	85.0121
1.96	-4.11854	84.867
1.97	-4.10525	84.7213
1.98	-4.09153	84.575
1.99	-4.07738	84.4281
2	-4.06279	84.2807
2.01	-4.04777	84.1327
2.02	-4.03232	83.9842
2.03	-4.01643	83.8351
2.04	-4.0001	83.6854
2.05	-3.98334	83.5352
2.06	-3.96614	83.3845
2.07	-3.94851	83.2332
2.08	-3.93044	83.0813
2.09	-3.91194	82.9289
2.1	-3.893	82.7759
2.11	-3.87362	82.6225
2.12	-3.85381	82.4684
2.13	-3.83356	82.3139
2.14	-3.81288	82.1588
2.15	-3.79176	82.0031
2.16	-3.7702	81.847
2.17	-3.7482	81.6903
2.18	-3.72577	81.5331
2.19	-3.70291	81.3754
2.2	-3.6796	81.2171
2.21	-3.65586	81.0584
2.22	-3.63169	80.8991
2.23	-3.60708	80.7393
2.24	-3.58203	80.579
2.25	-3.55655	80.4182
2.26	-3.53063	80.2569
2.27	-3.50428	80.095
2.28	-3.47749	79.9327
2.29	-3.45027	79.7699
2.3	-3.42261	79.6066
2.31	-3.39452	79.4427
2.32	-3.36599	79.2784
2.33	-3.33703	79.1136
2.34	-3.30763	78.9483
2.35	-3.27781	78.7826
2.36	-3.24755	78.6163
2.37	-3.21685	78.4496
2.38	-3.18573	78.2824
2.39	-3.15417	78.1147
2.4	-3.12218	77.9465
2.41	-3.08976	77.7779
2.42	-3.05691	77.6088
2.43	-3.02363	77.4392
2.44	-2.98992	77.2692
2.45	-2.95578	77.0987
2.46	-2.92121	76.9277
2.47	-2.88622	76.7563
2.48	-2.85079	76.5844
2.49	-2.81494	76.4121
2.5	-2.77866	76.2393
2.51	-2.74195	76.066
2.52	-2.70482	75.8924
2.53	-2.66726	75.7182
2.54	-2.62928	75.5437
2.55	-2.59088	75.3687
2.56	-2.55205	75.1932
2.57	-2.5128	75.0173
2.58	-2.47312	74.841
2.59	-2.43303	74.6643
2.6	-2.39251	74.4871
2.61	-2.35158	74.3095
2.62	-2.31022	74.1314
2.63	-2.26845	73.953
2.64	-2.22625	73.7741
2.65	-2.18364	73.5948
2.66	-2.14062	73.4151
2.67	-2.09717	73.235
2.68	-2.05332	73.0545
2.69	-2.00904	72.8735
2.7	-1.96436	72.6922
2.71	-1.91926	72.5104
2.72	-1.87375	72.3283
2.73	-1.82783	72.1457
2.74	-1.78149	71.9627
2.75	-1.73475	71.7794
2.76	-1.6876	71.5956
2.77	-1.64004	71.4115
2.78	-1.59208	71.227
2.79	-1.5437	71.042
2.8	-1.49493	70.8567
2.81	-1.44575	70.671
2.82	-1.39616	70.485
2.83	-1.34617	70.2985
2.84	-1.29578	70.1117
2.85	-1.24499	69.9245
2.86	-1.1938	69.7369
2.87	-1.14221	69.549
2.88	-1.09023	69.3606
2.89	-1.03784	69.172
2.9	-0.985064	68.9829
2.91	-0.93189	68.7935
2.92	-0.878321	68.6037
2.93	-0.824359	68.4136
2.94	-0.770006	68.2231
2.95	-0.715261	68.0323
2.96	-0.660126	67.8411
2.97	-0.604602	67.6495
2.98	-0.54869	67.4576
2.99	-0.492392	67.2654
3	-0.435707	67.0728
3.01	-0.378638	66.8799
3.02	-0.321185	66.6866
3.03	-0.263349	66.493
3.04	-0.205132	66.299
3.05	-0.146534	66.1048
3.06	-0.0875569	65.9101
3.07	-0.0282012	65.7152
3.08	0.0315316	65.5199
3.09	0.0916406	65.3243
3.1	0.152125	65.1284
3.11	0.212983	64.9322
3.12	0.274213	64.7356
3.13	0.335816	64.5387
3.14	0.397788	64.3415
3.15	0.460131	64.144
3.16	0.522841	63.9461
3.17	0.585919	63.748
3.18	0.649362	63.5496
3.19	0.71317	63.3508
3.2	0.777342	63.1517
3.21	0.841876	62.9524
3.22	0.906772	62.7527
3.23	0.972028	62.5527
3.24	1.03764	62.3524
3.25	1.10361	62.1519
3.26	1.16994	61.951
3.27	1.23663	61.7499
3.28	1.30367	61.5484
3.29	1.37106	61.3467
3.3	1.4388	61.1447
3.31	1.50689	60.9424
3.32	1.57534	60.7398
3.33	1.64413	60.5369
3.34	1.71326	60.3337
3.35	1.78275	60.1303
3.36	1.85257	59.9266
3.37	1.92275	59.7226
3.38	1.99326	59.5184
3.39	2.06411	59.3138
3.4	2.1353	59.109
3.41	2.20684	58.904
3.42	2.2787	58.6986
3.43	2.35091	58.4931
3.44	2.42345	58.2872
3.45	2.49632	58.0811
3.46	2.56952	57.8747
3.47	2.64306	57.6681
3.48	2.71692	57.4612
3.49	2.79111	57.254
3.5	2.86563	57.0466
3.51	2.94048	56.839
3.52	3.01565	56.6311
3.53	3.09114	56.4229
3.54	3.16695	56.2145
3.55	3.24309	56.0059
3.56	3.31954	55.797
3.57	3.39631	55.5879
3.58	3.4734	55.3785
3.59	3.55081	55.1689
3.6	3.62853	54.9591
3.61	3.70656	54.749
3.62	3.78491	54.5387
3.63	3.86356	54.3282
3.64	3.94253	54.1174
3.65	4.0218	53.9064
3.66	4.10138	53.6952
3.67	4.18126	53.4837
3.68	4.26145	53.2721
3.69	4.34194	53.0602
3.7	4.42273	52.8481
3.71	4.50383	52.6357
3.72	4.58522	52.4232
3.73	4.66691	52.2104
3.74	4.7489	51.9974
3.75	4.83118	51.7842
3.76	4.91375	51.5708
3.77	4.99662	51.3572
3.78	5.07978	51.1433
3.79	5.16323	50.9293
3.8	5.24697	50.715
3.81	5.331	50.5006
3.82	5.41531	50.2859
3.83	5.49991	50.0711
3.84	5.58479	49.856
3.85	5.66996	49.6408
3.86	5.75541	49.4253
3.87	5.84113	49.2096
3.88	5.92714	48.9938
3.89	6.01342	48.7777
3.9	6.09998	48.5615
3.91	6.18681	48.3451
3.92	6.27392	48.1285
3.93	6.3613	47.9117
3.94	6.44895	47.6947
3.95	6.53687	47.4775
3.96	6.62506	47.2601
3.97	6.71352	47.0426
3.98	6.80224	46.8248
3.99	6.89123	46.6069
4	6.98049	46.3888
4.01	7.07	46.1706
4.02	7.15978	45.9521
4.03	7.24981	45.7335
4.04	7.34011	45.5147
4.05	7.43066	45.2957
4.06	7.52147	45.0766
4.07	7.61254	44.8573
4.08	7.70386	44.6378
4.09	7.79543	44.4181
4.1	7.88725	44.1983
4.11	7.97932	43.9783
4.12	8.07165	43.7582
4.13	8.16422	43.5379
4.14	8.25703	43.3174
4.15	8.3501	43.0968
4.16	8.4434	42.876
4.17	8.53695	42.655
4.18	8.63074	42.4339
4.19	8.72478	42.2126
4.2	8.81905	41.9912
4.21	8.91356	41.7696
4.22	9.0083	41.5479
4.23	9.10329	41.326
4.24	9.1985	41.1039
4.25	9.29395	40.8818
4.26	9.38964	40.6594
4.27	9.48555	40.4369
4.28	9.5817	40.2143
4.29	9.67807	39.9915
4.3	9.77467	39.7686
4.31	9.8715	39.5455
4.32	9.96855	39.3223
4.33	10.0658	39.099
4.34	10.1633	38.8755
4.35	10.261	38.6519
4.36	10.359	38.4281
4.37	10.4572	38.2042
4.38	10.5555	37.9801
4.39	10.6541	37.756
4.4	10.7529	37.5317
4.41	10.852	37.3072
4.42	10.9512	37.0826
4.43	11.0507	36.8579
4.44	11.1503	36.6331
4.45	11.2502	36.4081
4.46	11.3503	36.183
4.47	11.4506	35.9578
4.48	11.5511	35.7325
4.49	11.6518	35.507
4.5	11.7527	35.2814
4.51	11.8539	35.0556
4.52	11.9552	34.8298
4.53	12.0567	34.6038
4.54	12.1584	34.3777
4.55	12.2603	34.1515
4.56	12.3625	33.9252
4.57	12.4648	33.6988
4.58	12.5673	33.4722
4.59	12.67	33.2455
4.6	12.7729	33.0187
4.61	12.876	32.7918
4.62	12.9793	32.5648
4.63	13.0828	32.3376
4.64	13.1865	32.1104
4.65	13.2903	31.883
4.66	13.3944	31.6555
4.67	13.4986	31.428
4.68	13.603	31.2003
4.69	13.7076	30.9725
4.7	13.8124	30.7446
4.71	13.9174	30.5166
4.72	14.0226	30.2884
4.73	14.1279	30.0602
4.74	14.2334	29.8319
4.75	14.3391	29.6035
4.76	14.445	29.3749
4.77	14.551	29.1463
4.78	14.6573	28.9176
4.79	14.7637	28.6887
4.8	14.8703	28.4598
4.81	14.977	28.2307
4.82	15.0839	28.0016
4.83	15.191	27.7724
4.84	15.2983	27.5431
4.85	15.4057	27.3136
4.86	15.5133	27.0841
4.87	15.6211	26.8545
4.88	15.729	26.6248
4.89	15.8371	26.395
4.9	15.9454	26.1651
4.91	16.0538	25.9352
4.92	16.1624	25.7051
4.93	16.2711	25.4749
4.94	16.38	25.2447
4.95	16.4891	25.0143
4.96	16.5983	24.7839
4.97	16.7077	24.5534
4.98	16.8173	24.3228
4.99	16.927	24.0921
5	17.0368	23.8614
5.01	17.1468	23.6305
5.02	17.257	23.3996
5.03	17.3673	23.1686
5.04	17.4778	22.9375
5.05	17.5884	22.7063
5.06	17.6992	22.475
5.07	17.8101	22.2437
5.08	17.9211	22.0122
5.09	18.0323	21.7807
5.1	18.1437	21.5491
5.11	18.2552	21.3175
5.12	18.3668	21.0857
5.13	18.4786	20.8539
5.14	18.5906	20.622
5.15	18.7026	20.3901
5.16	18.8149	20.158
5.17	18.9272	19.9259
5.18	19.0397	19.6937
5.19	19.1524	19.4614
5.2	19.2651	19.2291
5.21	19.378	18.9967
5.22	19.4911	18.7642
5.23	19.6043	18.5317
5.24	19.7176	18.299
5.25	19.831	18.0664
5.26	19.9446	17.8336
5.27	20.0583	17.6008
5.28	20.1722	17.3679
5.29	20.2862	17.1349
5.3	20.4003	16.9019
5.31	20.5145	16.6688
5.32	20.6289	16.4356
5.33	20.7434	16.2023
5.34	20.858	15.969
5.35	20.9727	15.7357
5.36	21.0876	15.5023
5.37	21.2026	15.2688
5.38	21.3177	15.0352
5.39	21.433	14.8016
5.4	21.5483	14.5679
5.41	21.6638	14.3342
5.42	21.7794	14.1004
5.43	21.8952	13.8665
5.44	22.011	13.6326
5.45	22.127	13.3986
5.46	22.243	13.1646
5.47	22.3592	12.9305
5.48	22.4756	12.6963
5.49	22.592	12.4621
5.5	22.7085	12.2278
5.51	22.8252	11.9935
5.52	22.942	11.7591
5.53	23.0589	11.5246
5.54	23.1759	11.2901
5.55	23.293	11.0556
5.56	23.4102	10.821
5.57	23.5275	10.5863
5.58	23.645	10.3516
5.59	23.7625	10.1168
5.6	23.8802	9.88199
5.61	23.998	9.64711
5.62	24.1158	9.41218
5.63	24.2338	9.1772
5.64	24.3519	8.94217
5.65	24.4701	8.70709
5.66	24.5884	8.47195
5.67	24.7068	8.23677
5.68	24.8253	8.00153
5.69	24.9439	7.76625
5.7	25.0626	7.53092
5.71	25.1814	7.29553
5.72	25.3003	7.0601
5.73	25.4193	6.82463
5.74	25.5384	6.5891
5.75	25.6576	6.35353
5.76	25.7769	6.11791
5.77	25.8963	5.88225
5.78	26.0158	5.64654
5.79	26.1354	5.41078
5.8	26.2551	5.17498
5.81	26.3749	4.93913
5.82	26.4947	4.70324
5.83	26.6147	4.46731
5.84	26.7348	4.23133
5.85	26.8549	3.9953
5.86	26.9752	3.75924
5.87	27.0955	3.52313
5.88	27.2159	3.28698
5.89	27.3365	3.05079
5.9	27.4571	2.81455
5.91	27.5778	2.57828
5.92	27.6985	2.34196
5.93	27.8194	2.1056
5.94	27.9404	1.8692
5.95	28.0614	1.63277
5.96	28.1826	1.39629
5.97	28.3038	1.15977
5.98	28.4251	0.923214
5.99	28.5465	0.686619
6	28.6679	0.449985
6.01	28.7895	0.213313
6.02	28.9111	-0.0233973
6.03	29.0329	-0.260145
6.04	29.1547	-0.49693
6.05	29.2765	-0.733752
6.06	29.3985	-0.97061
6.07	29.5206	-1.2075
6.08	29.6427	-1.44444
6.09	29.7649	-1.6814
6.1	29.8872	-1.91841
6.11	30.0095	-2.15544
6.12	30.132	-2.39252
6.13	30.2545	-2.62962
6.14	30.3771	-2.86676
6.15	30.4998	-3.10394
6.16	30.6225	-3.34115
6.17	30.7453	-3.57839
6.18	30.8682	-3.81567
6.19	30.9912	-4.05298
6.2	31.1142	-4.29032
6.21	31.2374	-4.5277
6.22	31.3606	-4.7651
6.23	31.4838	-5.00254
6.24	31.6071	-5.24002
6.25	31.7306	-5.47752
6.26	31.854	-5.71505
6.27	31.9776	-5.95262
6.28	32.1012	-6.19021
6.29	32.2249	-6.42784
6.3	32.3486	-6.66549
6.31	32.4725	-6.90318
6.32	32.5964	-7.1409
6.33	32.7203	-7.37864
6.34	32.8444	-7.61642
6.35	32.9685	-7.85422
6.36	33.0926	-8.09205
6.37	33.2169	-8.32991
6.38	33.3412	-8.5678
6.39	33.4655	-8.80572
6.4	33.5899	-9.04367
6.41	33.7144	-9.28164
6.42	33.839	-9.51964
6.43	33.9636	-9.75767
6.44	34.0883	-9.99572
6.45	34.213	-10.2338
6.46	34.3378	-10.4719
6.47	34.4627	-10.71
6.48	34.5876	-10.9482
6.49	34.7126	-11.1864
6.5	34.8377	-11.4246
6.51	34.9628	-11.6628
6.52	35.088	-11.9011
6.53	35.2132	-12.1394
6.54	35.3385	-12.3777
6.55	35.4638	-12.6161
6.56	35.5892	-12.8544
6.57	35.7147	-13.0928
6.58	35.8402	-13.3312
6.59	35.9658	-13.5696
6.6	36.0915	-13.8081
6.61	36.2171	-14.0466
6.62	36.3429	-14.2851
6.63	36.4687	-14.5236
6.64	36.5946	-14.7622
6.65	36.7205	-15.0008
6.66	36.8465	-15.2393
6.67	36.9725	-15.478
6.68	37.0986	-15.7166
6.69	37.2247	-15.9553
6.7	37.3509	-16.194
6.71	37.4771	-16.4327
6.72	37.6034	-16.6714
6.73	37.7298	-16.9102
6.74	37.8561	-17.1489
6.75	37.9826	-17.3877
6.76	38.1091	-17.6265
6.77	38.2356	-17.8654
6.78	38.3622	-18.1042
6.79	38.4889	-18.3431
6.8	38.6156	-18.582
6.81	38.7423	-18.8209
6.82	38.8691	-19.0598
6.83	38.996	-19.2988
6.84	39.1229	-19.5378
6.85	39.2498	-19.7768
6.86	39.3768	-20.0158
6.87	39.5039	-20.2548
6.88	39.6309	-20.4939
6.89	39.7581	-20.7329
6.9	39.8853	-20.972
6.91	40.0125	-21.2111
6.92	40.1398	-21.4503
6.93	40.2671	-21.6894
6.94	40.3944	-21.9286
6.95	40.5219	-22.1677
6.96	40.6493	-22.4069
6.97	40.7768	-22.6462
6.98	40.9043	-22.8854
6.99	41.0319	-23.1246
7	41.1596	-23.3639
