5; 1; 20; 
4,98995; 1,01169; 20,6922; 
4,9799; 1,02165; 21,3635; 
4,96987; 1,03155; 22,0147; 
4,95984; 1,04139; 22,6467; 
4,94983; 1,05118; 23,2601; 
4,93982; 1,06091; 23,8558; 
4,92983; 1,07058; 24,4345; 
4,91985; 1,08019; 24,9967; 
4,90987; 1,08975; 25,5431; 
4,89991; 1,09925; 26,0744; 
4,88996; 1,1087; 26,591; 
4,88001; 1,11809; 27,0936; 
4,87008; 1,12742; 27,5826; 
4,86016; 1,13671; 28,0585; 
4,85025; 1,14594; 28,5219; 
4,84034; 1,15511; 28,973; 
4,83045; 1,16424; 29,4125; 
4,82057; 1,17331; 29,8406; 
4,8107; 1,18233; 30,2577; 
4,80083; 1,1913; 30,6643; 
4,79098; 1,20021; 31,0607; 
4,78114; 1,20908; 31,4473; 
4,77131; 1,2179; 31,8242; 
4,76149; 1,22666; 32,192; 
4,75167; 1,23538; 32,5508; 
4,74187; 1,24405; 32,901; 
4,73208; 1,25266; 33,2428; 
4,7223; 1,26123; 33,5764; 
4,71253; 1,26976; 33,9023; 
4,70277; 1,27823; 34,2205; 
4,69302; 1,28666; 34,5313; 
4,68328; 1,29504; 34,835; 
4,67355; 1,30337; 35,1317; 
4,66382; 1,31165; 35,4217; 
4,65411; 1,31989; 35,7051; 
4,64441; 1,32809; 35,9823; 
4,63472; 1,33624; 36,2532; 
4,62504; 1,34434; 36,5182; 
4,61537; 1,3524; 36,7773; 
4,60571; 1,36041; 37,0308; 
4,59606; 1,36838; 37,2788; 
4,58642; 1,3763; 37,5215; 
4,5768; 1,38418; 37,759; 
4,56718; 1,39202; 37,9914; 
4,55757; 1,39982; 38,219; 
4,54797; 1,40757; 38,4417; 
4,53838; 1,41528; 38,6598; 
4,5288; 1,42294; 38,8734; 
4,51923; 1,43057; 39,0826; 
4,50967; 1,43815; 39,2874; 
4,50012; 1,44569; 39,4881; 
4,49059; 1,45319; 39,6848; 
4,48106; 1,46065; 39,8774; 
4,47154; 1,46806; 40,0662; 
4,46203; 1,47544; 40,2512; 
4,45253; 1,48278; 40,4326; 
4,44305; 1,49007; 40,6103; 
4,43357; 1,49733; 40,7846; 
4,4241; 1,50454; 40,9554; 
4,41464; 1,51172; 41,123; 
4,4052; 1,51886; 41,2872; 
4,39576; 1,52596; 41,4483; 
4,38633; 1,53302; 41,6063; 
4,37691; 1,54004; 41,7613; 
4,36751; 1,54702; 41,9134; 
4,35811; 1,55397; 42,0625; 
4,34872; 1,56087; 42,2089; 
4,33935; 1,56774; 42,3525; 
4,32998; 1,57457; 42,4934; 
4,32062; 1,58137; 42,6317; 
4,31128; 1,58813; 42,7674; 
4,30194; 1,59485; 42,9006; 
4,29262; 1,60153; 43,0314; 
4,2833; 1,60818; 43,1597; 
4,274; 1,61479; 43,2857; 
4,2647; 1,62137; 43,4094; 
4,25541; 1,6279; 43,5309; 
4,24614; 1,63441; 43,6502; 
4,23687; 1,64088; 43,7673; 
4,22762; 1,64731; 43,8823; 
4,21837; 1,65371; 43,9953; 
4,20914; 1,66007; 44,1062; 
4,19991; 1,6664; 44,2152; 
4,1907; 1,67269; 44,3222; 
4,1815; 1,67895; 44,4274; 
4,1723; 1,68518; 44,5307; 
4,16312; 1,69137; 44,6322; 
4,15394; 1,69752; 44,7318; 
4,14478; 1,70365; 44,8298; 
4,13562; 1,70974; 44,926; 
4,12648; 1,71579; 45,0206; 
4,11735; 1,72182; 45,1135; 
4,10822; 1,72781; 45,2049; 
4,09911; 1,73376; 45,2946; 
4,09001; 1,73969; 45,3828; 
4,08091; 1,74558; 45,4695; 
4,07183; 1,75144; 45,5547; 
4,06276; 1,75727; 45,6384; 
4,0537; 1,76306; 45,7207; 
4,04464; 1,76883; 45,8016; 
4,0356; 1,77456; 45,8811; 
4,02657; 1,78026; 45,9593; 
4,01755; 1,78593; 46,0362; 
4,00853; 1,79157; 46,1117; 
3,99953; 1,79717; 46,186; 
3,99054; 1,80275; 46,259; 
3,98156; 1,80829; 46,3308; 
3,97259; 1,81381; 46,4013; 
3,96362; 1,81929; 46,4707; 
3,95467; 1,82475; 46,5389; 
3,94573; 1,83017; 46,606; 
3,9368; 1,83556; 46,672; 
3,92788; 1,84092; 46,7368; 
3,91897; 1,84626; 46,8006; 
3,91007; 1,85156; 46,8633; 
3,90118; 1,85683; 46,9249; 
3,8923; 1,86208; 46,9855; 
3,88343; 1,86729; 47,0451; 
3,87457; 1,87248; 47,1037; 
3,86571; 1,87764; 47,1614; 
3,85687; 1,88277; 47,218; 
3,84804; 1,88786; 47,2738; 
3,83922; 1,89294; 47,3286; 
3,83041; 1,89798; 47,3824; 
3,82162; 1,90299; 47,4354; 
3,81283; 1,90798; 47,4875; 
3,80405; 1,91293; 47,5388; 
3,79528; 1,91786; 47,5891; 
3,78652; 1,92277; 47,6387; 
3,77777; 1,92764; 47,6874; 
3,76903; 1,93249; 47,7353; 
3,7603; 1,9373; 47,7824; 
3,75158; 1,9421; 47,8287; 
3,74287; 1,94686; 47,8742; 
3,73418; 1,9516; 47,919; 
3,72549; 1,95631; 47,963; 
3,71681; 1,96099; 48,0063; 
3,70814; 1,96565; 48,0488; 
3,69948; 1,97028; 48,0907; 
3,69083; 1,97488; 48,1318; 
3,6822; 1,97946; 48,1722; 
3,67357; 1,98401; 48,212; 
3,66495; 1,98853; 48,2511; 
3,65634; 1,99303; 48,2895; 
3,64775; 1,9975; 48,3273; 
3,63916; 2,00195; 48,3644; 
3,63058; 2,00637; 48,4009; 
3,62202; 2,01076; 48,4367; 
3,61346; 2,01513; 48,472; 
3,60491; 2,01947; 48,5066; 
3,59638; 2,02379; 48,5407; 
3,58785; 2,02808; 48,5741; 
3,57933; 2,03235; 48,607; 
3,57083; 2,03659; 48,6393; 
3,56233; 2,04081; 48,6711; 
3,55384; 2,04501; 48,7023; 
3,54537; 2,04917; 48,7329; 
3,5369; 2,05332; 48,763; 
3,52845; 2,05744; 48,7926; 
3,52; 2,06153; 48,8216; 
3,51157; 2,0656; 48,8501; 
3,50314; 2,06965; 48,8782; 
3,49473; 2,07367; 48,9057; 
3,48632; 2,07767; 48,9327; 
3,47793; 2,08164; 48,9592; 
3,46954; 2,08559; 48,9853; 
3,46117; 2,08952; 49,0109; 
3,4528; 2,09342; 49,036; 
3,44445; 2,0973; 49,0606; 
3,4361; 2,10115; 49,0848; 
3,42777; 2,10499; 49,1086; 
3,41945; 2,1088; 49,1319; 
3,41113; 2,11258; 49,1547; 
3,40283; 2,11634; 49,1771; 
3,39453; 2,12008; 49,1991; 
3,38625; 2,1238; 49,2207; 
3,37798; 2,12749; 49,2419; 
3,36971; 2,13117; 49,2626; 
3,36146; 2,13481; 49,283; 
3,35322; 2,13844; 49,3029; 
3,34498; 2,14204; 49,3225; 
3,33676; 2,14562; 49,3417; 
3,32855; 2,14918; 49,3604; 
3,32035; 2,15272; 49,3788; 
3,31215; 2,15623; 49,3969; 
3,30397; 2,15973; 49,4145; 
3,2958; 2,1632; 49,4318; 
3,28764; 2,16665; 49,4487; 
3,27948; 2,17007; 49,4653; 
3,27134; 2,17348; 49,4815; 
3,26321; 2,17686; 49,4974; 
3,25509; 2,18022; 49,5129; 
3,24698; 2,18356; 49,5281; 
3,23888; 2,18688; 49,543; 
3,23078; 2,19018; 49,5575; 
3,2227; 2,19346; 49,5717; 
3,21463; 2,19671; 49,5856; 
3,20657; 2,19994; 49,5991; 
3,19852; 2,20316; 49,6124; 
3,19048; 2,20635; 49,6253; 
3,18245; 2,20952; 49,6379; 
3,17443; 2,21267; 49,6502; 
3,16642; 2,2158; 49,6623; 
3,15842; 2,21891; 49,674; 
3,15043; 2,222; 49,6854; 
3,14245; 2,22507; 49,6965; 
3,13448; 2,22812; 49,7074; 
3,12652; 2,23115; 49,7179; 
3,11857; 2,23415; 49,7282; 
3,11063; 2,23714; 49,7382; 
3,1027; 2,24011; 49,748; 
3,09478; 2,24306; 49,7574; 
3,08687; 2,24598; 49,7666; 
3,07897; 2,24889; 49,7755; 
3,07108; 2,25178; 49,7842; 
3,0632; 2,25465; 49,7926; 
3,05534; 2,25749; 49,8007; 
3,04748; 2,26032; 49,8086; 
3,03963; 2,26313; 49,8163; 
3,03179; 2,26592; 49,8237; 
3,02396; 2,26869; 49,8308; 
3,01614; 2,27144; 49,8377; 
3,00834; 2,27418; 49,8444; 
3,00054; 2,27689; 49,8508; 
2,99275; 2,27958; 49,857; 
2,98497; 2,28226; 49,863; 
2,97721; 2,28491; 49,8687; 
2,96945; 2,28755; 49,8742; 
2,9617; 2,29017; 49,8795; 
2,95396; 2,29277; 49,8845; 
2,94624; 2,29535; 49,8894; 
2,93852; 2,29791; 49,894; 
2,93081; 2,30046; 49,8984; 
2,92312; 2,30298; 49,9026; 
2,91543; 2,30549; 49,9065; 
2,90775; 2,30798; 49,9103; 
2,90009; 2,31045; 49,9138; 
2,89243; 2,3129; 49,9172; 
2,88479; 2,31533; 49,9203; 
2,87715; 2,31775; 49,9233; 
2,86952; 2,32015; 49,926; 
2,86191; 2,32253; 49,9286; 
2,8543; 2,32489; 49,9309; 
2,84671; 2,32723; 49,9331; 
2,83912; 2,32956; 49,935; 
2,83155; 2,33187; 49,9368; 
2,82398; 2,33416; 49,9384; 
2,81643; 2,33643; 49,9398; 
2,80888; 2,33869; 49,941; 
2,80135; 2,34093; 49,942; 
2,79382; 2,34315; 49,9429; 
2,78631; 2,34535; 49,9436; 
2,7788; 2,34754; 49,9441; 
2,77131; 2,34971; 49,9444; 
2,76382; 2,35186; 49,9445; 
2,75635; 2,35399; 49,9445; 
2,74889; 2,35611; 49,9443; 
2,74143; 2,35821; 49,9439; 
2,73399; 2,36029; 49,9434; 
2,72656; 2,36236; 49,9427; 
2,71913; 2,36441; 49,9418; 
2,71172; 2,36644; 49,9408; 
2,70432; 2,36846; 49,9396; 
2,69692; 2,37046; 49,9382; 
2,68954; 2,37245; 49,9367; 
2,68217; 2,37441; 49,935; 
2,6748; 2,37636; 49,9332; 
2,66745; 2,3783; 49,9312; 
2,66011; 2,38021; 49,9291; 
2,65278; 2,38212; 49,9268; 
2,64545; 2,384; 49,9243; 
2,63814; 2,38587; 49,9217; 
2,63084; 2,38772; 49,919; 
2,62355; 2,38956; 49,9161; 
2,61627; 2,39138; 49,9131; 
2,609; 2,39318; 49,9099; 
2,60173; 2,39497; 49,9066; 
2,59448; 2,39675; 49,9031; 
2,58724; 2,3985; 49,8995; 
2,58001; 2,40024; 49,8958; 
2,57279; 2,40197; 49,8919; 
2,56558; 2,40368; 49,8879; 
2,55838; 2,40537; 49,8837; 
2,55119; 2,40705; 49,8794; 
2,54401; 2,40872; 49,875; 
2,53684; 2,41036; 49,8704; 
2,52968; 2,412; 49,8657; 
2,52252; 2,41361; 49,8609; 
2,51538; 2,41521; 49,8559; 
2,50825; 2,4168; 49,8508; 
2,50114; 2,41837; 49,8456; 
2,49403; 2,41993; 49,8403; 
2,48693; 2,42147; 49,8348; 
2,47984; 2,423; 49,8292; 
2,47276; 2,42451; 49,8235; 
2,46569; 2,426; 49,8177; 
2,45863; 2,42748; 49,8117; 
2,45158; 2,42895; 49,8056; 
2,44454; 2,4304; 49,7994; 
2,43751; 2,43184; 49,7931; 
2,43049; 2,43326; 49,7866; 
2,42348; 2,43467; 49,7801; 
2,41649; 2,43606; 49,7734; 
2,4095; 2,43744; 49,7666; 
2,40252; 2,4388; 49,7597; 
2,39555; 2,44015; 49,7526; 
2,38859; 2,44149; 49,7455; 
2,38165; 2,44281; 49,7383; 
2,37471; 2,44411; 49,7309; 
2,36778; 2,4454; 49,7234; 
2,36086; 2,44668; 49,7158; 
2,35396; 2,44795; 49,7081; 
2,34706; 2,4492; 49,7003; 
2,34017; 2,45043; 49,6924; 
2,33329; 2,45165; 49,6844; 
2,32643; 2,45286; 49,6763; 
2,31957; 2,45405; 49,668; 
2,31272; 2,45523; 49,6597; 
2,30589; 2,4564; 49,6512; 
2,29906; 2,45755; 49,6427; 
2,29225; 2,45869; 49,634; 
2,28544; 2,45981; 49,6253; 
2,27864; 2,46092; 49,6164; 
2,27186; 2,46202; 49,6075; 
2,26508; 2,4631; 49,5984; 
2,25832; 2,46417; 49,5892; 
2,25156; 2,46523; 49,58; 
2,24481; 2,46627; 49,5706; 
2,23808; 2,4673; 49,5612; 
2,23135; 2,46832; 49,5516; 
2,22464; 2,46932; 49,542; 
2,21793; 2,47031; 49,5322; 
2,21124; 2,47128; 49,5224; 
2,20455; 2,47225; 49,5125; 
2,19788; 2,4732; 49,5024; 
2,19122; 2,47413; 49,4923; 
2,18456; 2,47506; 49,4821; 
2,17792; 2,47597; 49,4718; 
2,17128; 2,47686; 49,4614; 
2,16466; 2,47775; 49,4509; 
2,15805; 2,47862; 49,4403; 
2,15144; 2,47948; 49,4296; 
2,14485; 2,48032; 49,4188; 
2,13826; 2,48116; 49,408; 
2,13169; 2,48198; 49,397; 
2,12513; 2,48279; 49,386; 
2,11857; 2,48358; 49,3749; 
2,11203; 2,48436; 49,3637; 
2,1055; 2,48513; 49,3524; 
2,09898; 2,48589; 49,341; 
2,09246; 2,48664; 49,3295; 
2,08596; 2,48737; 49,318; 
2,07947; 2,48809; 49,3063; 
2,07299; 2,4888; 49,2946; 
2,06651; 2,48949; 49,2828; 
2,06005; 2,49017; 49,2709; 
2,0536; 2,49084; 49,2589; 
2,04716; 2,4915; 49,2469; 
2,04073; 2,49215; 49,2347; 
2,0343; 2,49278; 49,2225; 
2,02789; 2,4934; 49,2102; 
2,02149; 2,49401; 49,1978; 
2,0151; 2,49461; 49,1853; 
2,00872; 2,4952; 49,1728; 
2,00235; 2,49577; 49,1602; 
1,99599; 2,49633; 49,1475; 
1,98964; 2,49688; 49,1347; 
1,9833; 2,49742; 49,1218; 
1,97697; 2,49795; 49,1089; 
1,97064; 2,49846; 49,0958; 
1,96433; 2,49897; 49,0827; 
1,95803; 2,49946; 49,0696; 
1,95174; 2,49994; 49,0563; 
1,94546; 2,50041; 49,043; 
1,93919; 2,50086; 49,0296; 
1,93293; 2,50131; 49,0161; 
1,92669; 2,50174; 49,0025; 
1,92045; 2,50216; 48,9889; 
1,91422; 2,50257; 48,9752; 
1,908; 2,50297; 48,9614; 
1,90179; 2,50336; 48,9475; 
1,89559; 2,50374; 48,9336; 
1,8894; 2,5041; 48,9196; 
1,88322; 2,50445; 48,9055; 
1,87705; 2,5048; 48,8914; 
1,87089; 2,50513; 48,8771; 
1,86475; 2,50545; 48,8628; 
1,85861; 2,50576; 48,8485; 
1,85248; 2,50606; 48,834; 
1,84636; 2,50634; 48,8195; 
1,84025; 2,50662; 48,8049; 
1,83416; 2,50688; 48,7903; 
1,82807; 2,50714; 48,7756; 
1,82199; 2,50738; 48,7608; 
1,81592; 2,50761; 48,7459; 
1,80987; 2,50784; 48,731; 
1,80382; 2,50805; 48,716; 
1,79778; 2,50825; 48,7009; 
1,79175; 2,50844; 48,6858; 
1,78574; 2,50861; 48,6705; 
1,77973; 2,50878; 48,6553; 
1,77373; 2,50894; 48,6399; 
1,76775; 2,50909; 48,6245; 
1,76177; 2,50922; 48,609; 
1,75581; 2,50935; 48,5935; 
1,74985; 2,50946; 48,5779; 
1,7439; 2,50957; 48,5622; 
1,73797; 2,50966; 48,5464; 
1,73204; 2,50974; 48,5306; 
1,72613; 2,50982; 48,5147; 
1,72022; 2,50988; 48,4988; 
1,71433; 2,50993; 48,4828; 
1,70844; 2,50998; 48,4667; 
1,70256; 2,51001; 48,4505; 
1,6967; 2,51003; 48,4343; 
1,69084; 2,51004; 48,418; 
1,685; 2,51004; 48,4017; 
1,67917; 2,51004; 48,3853; 
1,67334; 2,51002; 48,3688; 
1,66753; 2,50999; 48,3523; 
1,66172; 2,50995; 48,3357; 
1,65593; 2,5099; 48,319; 
1,65014; 2,50984; 48,3023; 
1,64437; 2,50977; 48,2855; 
1,63861; 2,5097; 48,2687; 
1,63285; 2,50961; 48,2518; 
1,62711; 2,50951; 48,2348; 
1,62138; 2,5094; 48,2178; 
1,61565; 2,50929; 48,2007; 
1,60994; 2,50916; 48,1835; 
1,60424; 2,50902; 48,1663; 
1,59854; 2,50887; 48,149; 
1,59286; 2,50872; 48,1316; 
1,58719; 2,50855; 48,1142; 
1,58152; 2,50838; 48,0968; 
1,57587; 2,50819; 48,0792; 
1,57023; 2,508; 48,0616; 
1,5646; 2,50779; 48,044; 
1,55897; 2,50758; 48,0263; 
1,55336; 2,50736; 48,0085; 
1,54776; 2,50712; 47,9907; 
1,54217; 2,50688; 47,9728; 
1,53659; 2,50663; 47,9548; 
1,53102; 2,50637; 47,9368; 
1,52545; 2,5061; 47,9187; 
1,5199; 2,50582; 47,9006; 
1,51436; 2,50553; 47,8824; 
1,50883; 2,50524; 47,8642; 
1,50331; 2,50493; 47,8459; 
1,4978; 2,50462; 47,8275; 
1,4923; 2,50429; 47,8091; 
1,48681; 2,50396; 47,7906; 
1,48133; 2,50361; 47,772; 
1,47586; 2,50326; 47,7534; 
1,4704; 2,5029; 47,7348; 
1,46495; 2,50253; 47,716; 
1,45951; 2,50215; 47,6973; 
1,45408; 2,50176; 47,6784; 
1,44866; 2,50137; 47,6595; 
1,44325; 2,50096; 47,6406; 
1,43785; 2,50055; 47,6216; 
1,43246; 2,50013; 47,6025; 
1,42708; 2,49969; 47,5834; 
1,42171; 2,49925; 47,5642; 
1,41635; 2,4988; 47,545; 
1,411; 2,49835; 47,5257; 
1,40566; 2,49788; 47,5063; 
1,40033; 2,4974; 47,4869; 
1,39502; 2,49692; 47,4674; 
1,38971; 2,49643; 47,4479; 
1,38441; 2,49593; 47,4283; 
1,37912; 2,49542; 47,4087; 
1,37384; 2,4949; 47,389; 
1,36857; 2,49437; 47,3693; 
1,36332; 2,49384; 47,3495; 
1,35807; 2,4933; 47,3296; 
1,35283; 2,49274; 47,3097; 
1,3476; 2,49218; 47,2897; 
1,34239; 2,49162; 47,2697; 
1,33718; 2,49104; 47,2496; 
1,33198; 2,49045; 47,2295; 
1,32679; 2,48986; 47,2093; 
1,32162; 2,48926; 47,189; 
1,31645; 2,48865; 47,1687; 
1,31129; 2,48803; 47,1483; 
1,30615; 2,48741; 47,1279; 
1,30101; 2,48677; 47,1075; 
1,29588; 2,48613; 47,0869; 
1,29077; 2,48548; 47,0663; 
1,28566; 2,48482; 47,0457; 
1,28057; 2,48415; 47,025; 
1,27548; 2,48348; 47,0043; 
1,27041; 2,4828; 46,9835; 
1,26534; 2,48211; 46,9626; 
1,26028; 2,48141; 46,9417; 
1,25524; 2,4807; 46,9207; 
1,2502; 2,47999; 46,8997; 
1,24518; 2,47927; 46,8786; 
1,24016; 2,47854; 46,8575; 
1,23516; 2,4778; 46,8363; 
1,23016; 2,47706; 46,8151; 
1,22518; 2,4763; 46,7938; 
1,2202; 2,47554; 46,7725; 
1,21524; 2,47478; 46,7511; 
1,21029; 2,474; 46,7296; 
1,20534; 2,47322; 46,7081; 
1,20041; 2,47242; 46,6865; 
1,19548; 2,47163; 46,6649; 
1,19057; 2,47082; 46,6433; 
1,18567; 2,47001; 46,6215; 
1,18077; 2,46918; 46,5998; 
1,17589; 2,46836; 46,5779; 
1,17102; 2,46752; 46,556; 
1,16615; 2,46668; 46,5341; 
1,1613; 2,46582; 46,5121; 
1,15646; 2,46497; 46,4901; 
1,15162; 2,4641; 46,468; 
1,1468; 2,46323; 46,4458; 
1,14199; 2,46235; 46,4236; 
1,13719; 2,46146; 46,4014; 
1,13239; 2,46056; 46,3791; 
1,12761; 2,45966; 46,3567; 
1,12284; 2,45875; 46,3343; 
1,11808; 2,45783; 46,3118; 
1,11333; 2,45691; 46,2893; 
1,10858; 2,45598; 46,2667; 
1,10385; 2,45504; 46,2441; 
1,09913; 2,45409; 46,2214; 
1,09442; 2,45314; 46,1986; 
1,08972; 2,45218; 46,1759; 
1,08503; 2,45122; 46,153; 
1,08035; 2,45024; 46,1301; 
1,07567; 2,44926; 46,1072; 
1,07101; 2,44827; 46,0842; 
1,06636; 2,44728; 46,0611; 
1,06172; 2,44628; 46,038; 
1,05709; 2,44527; 46,0148; 
1,05247; 2,44425; 45,9916; 
1,04786; 2,44323; 45,9684; 
1,04326; 2,4422; 45,945; 
1,03867; 2,44117; 45,9217; 
1,03409; 2,44012; 45,8982; 
1,02952; 2,43907; 45,8748; 
1,02496; 2,43802; 45,8512; 
1,02041; 2,43695; 45,8277; 
1,01587; 2,43588; 45,804; 
1,01134; 2,43481; 45,7803; 
1,00682; 2,43373; 45,7566; 
1,00232; 2,43264; 45,7328; 
0,997817; 2,43154; 45,7089; 
0,993328; 2,43044; 45,685; 
0,988849; 2,42933; 45,6611; 
0,984381; 2,42821; 45,6371; 
0,979922; 2,42709; 45,613; 
0,975474; 2,42596; 45,5889; 
0,971036; 2,42482; 45,5647; 
0,966608; 2,42368; 45,5405; 
0,96219; 2,42253; 45,5163; 
0,957782; 2,42138; 45,4919; 
0,953384; 2,42022; 45,4676; 
0,948996; 2,41905; 45,4431; 
0,944619; 2,41788; 45,4186; 
0,940252; 2,4167; 45,3941; 
0,935894; 2,41551; 45,3695; 
0,931547; 2,41432; 45,3449; 
0,92721; 2,41312; 45,3202; 
0,922883; 2,41191; 45,2954; 
0,918567; 2,4107; 45,2706; 
0,91426; 2,40948; 45,2458; 
0,909963; 2,40826; 45,2209; 
0,905677; 2,40703; 45,1959; 
0,901401; 2,40579; 45,1709; 
0,897135; 2,40455; 45,1459; 
0,892879; 2,4033; 45,1207; 
0,888633; 2,40205; 45,0956; 
0,884397; 2,40079; 45,0703; 
0,880171; 2,39952; 45,0451; 
0,875956; 2,39825; 45,0197; 
0,87175; 2,39697; 44,9944; 
0,867555; 2,39568; 44,9689; 
0,86337; 2,39439; 44,9434; 
0,859194; 2,3931; 44,9179; 
0,85503; 2,39179; 44,8923; 
0,850875; 2,39049; 44,8667; 
0,84673; 2,38917; 44,841; 
0,842595; 2,38785; 44,8152; 
0,838471; 2,38652; 44,7894; 
0,834356; 2,38519; 44,7635; 
0,830252; 2,38386; 44,7376; 
0,826158; 2,38251; 44,7117; 
0,822074; 2,38116; 44,6856; 
0,818; 2,37981; 44,6596; 
0,813936; 2,37845; 44,6334; 
0,809883; 2,37708; 44,6073; 
0,805839; 2,37571; 44,581; 
0,801806; 2,37433; 44,5547; 
0,797782; 2,37295; 44,5284; 
0,793769; 2,37156; 44,502; 
0,789766; 2,37016; 44,4756; 
0,785773; 2,36876; 44,4491; 
0,781791; 2,36736; 44,4225; 
0,777818; 2,36595; 44,3959; 
0,773855; 2,36453; 44,3692; 
0,769903; 2,36311; 44,3425; 
0,76596; 2,36168; 44,3157; 
0,762028; 2,36025; 44,2889; 
0,758106; 2,35881; 44,262; 
0,754194; 2,35736; 44,2351; 
0,750292; 2,35592; 44,2081; 
0,746401; 2,35446; 44,1811; 
0,742519; 2,353; 44,154; 
0,738647; 2,35153; 44,1268; 
0,734786; 2,35006; 44,0996; 
0,730935; 2,34859; 44,0724; 
0,727094; 2,34711; 44,0451; 
0,723263; 2,34562; 44,0177; 
0,719442; 2,34413; 43,9903; 
0,715631; 2,34263; 43,9628; 
0,71183; 2,34113; 43,9353; 
0,70804; 2,33962; 43,9077; 
0,704259; 2,33811; 43,8801; 
0,700489; 2,33659; 43,8524; 
0,696729; 2,33507; 43,8246; 
0,692979; 2,33354; 43,7968; 
0,689239; 2,332; 43,769; 
0,685509; 2,33047; 43,7411; 
0,681789; 2,32892; 43,7131; 
0,67808; 2,32737; 43,6851; 
0,67438; 2,32582; 43,657; 
0,670691; 2,32426; 43,6289; 
0,667011; 2,3227; 43,6007; 
0,663342; 2,32113; 43,5725; 
0,659683; 2,31955; 43,5442; 
0,656034; 2,31798; 43,5158; 
0,652396; 2,31639; 43,4874; 
0,648767; 2,3148; 43,4589; 
0,645149; 2,31321; 43,4304; 
0,64154; 2,31161; 43,4019; 
0,637942; 2,31001; 43,3732; 
0,634354; 2,3084; 43,3445; 
0,630776; 2,30679; 43,3158; 
0,627208; 2,30517; 43,287; 
0,62365; 2,30355; 43,2582; 
0,620102; 2,30192; 43,2293; 
0,616565; 2,30029; 43,2003; 
0,613037; 2,29865; 43,1713; 
0,60952; 2,29701; 43,1422; 
0,606013; 2,29537; 43,1131; 
0,602516; 2,29372; 43,0839; 
0,599029; 2,29206; 43,0547; 
0,595552; 2,2904; 43,0254; 
0,592085; 2,28874; 42,996; 
0,588629; 2,28707; 42,9666; 
0,585182; 2,28539; 42,9371; 
0,581746; 2,28371; 42,9076; 
0,578319; 2,28203; 42,878; 
0,574903; 2,28034; 42,8484; 
0,571497; 2,27865; 42,8187; 
0,568101; 2,27696; 42,7889; 
0,564716; 2,27525; 42,7591; 
0,56134; 2,27355; 42,7293; 
0,557974; 2,27184; 42,6994; 
0,554619; 2,27012; 42,6694; 
0,551274; 2,26841; 42,6393; 
0,547939; 2,26668; 42,6092; 
0,544613; 2,26496; 42,5791; 
0,541299; 2,26322; 42,5489; 
0,537994; 2,26149; 42,5186; 
0,534699; 2,25975; 42,4883; 
0,531414; 2,258; 42,4579; 
0,52814; 2,25625; 42,4275; 
0,524876; 2,2545; 42,397; 
0,521621; 2,25274; 42,3664; 
0,518377; 2,25098; 42,3358; 
0,515143; 2,24921; 42,3052; 
0,51192; 2,24744; 42,2744; 
0,508706; 2,24567; 42,2436; 
0,505502; 2,24389; 42,2128; 
0,502309; 2,24211; 42,1819; 
0,499125; 2,24032; 42,1509; 
0,495952; 2,23853; 42,1199; 
0,492789; 2,23673; 42,0888; 
0,489636; 2,23493; 42,0577; 
0,486493; 2,23313; 42,0265; 
0,48336; 2,23132; 41,9952; 
0,480237; 2,22951; 41,9639; 
0,477125; 2,22769; 41,9325; 
0,474022; 2,22587; 41,9011; 
0,47093; 2,22405; 41,8696; 
0,467848; 2,22222; 41,8381; 
0,464776; 2,22039; 41,8065; 
0,461714; 2,21855; 41,7748; 
0,458662; 2,21671; 41,7431; 
0,45562; 2,21487; 41,7113; 
0,452589; 2,21302; 41,6794; 
0,449567; 2,21117; 41,6475; 
0,446556; 2,20931; 41,6155; 
0,443555; 2,20745; 41,5835; 
0,440564; 2,20559; 41,5514; 
0,437583; 2,20372; 41,5193; 
0,434612; 2,20185; 41,4871; 
0,431651; 2,19998; 41,4548; 
0,4287; 2,1981; 41,4225; 
0,42576; 2,19622; 41,3901; 
0,422829; 2,19433; 41,3576; 
0,419909; 2,19244; 41,3251; 
0,416999; 2,19055; 41,2925; 
0,414099; 2,18865; 41,2599; 
0,411209; 2,18675; 41,2272; 
0,408329; 2,18485; 41,1944; 
0,40546; 2,18294; 41,1616; 
0,4026; 2,18102; 41,1287; 
0,399751; 2,17911; 41,0958; 
0,396911; 2,17719; 41,0628; 
0,394082; 2,17527; 41,0297; 
0,391263; 2,17334; 40,9966; 
0,388454; 2,17141; 40,9634; 
0,385655; 2,16948; 40,9301; 
0,382866; 2,16754; 40,8968; 
0,380088; 2,1656; 40,8634; 
0,377319; 2,16366; 40,83; 
0,374561; 2,16171; 40,7965; 
0,371813; 2,15976; 40,7629; 
0,369075; 2,1578; 40,7293; 
0,366347; 2,15584; 40,6956; 
0,363629; 2,15388; 40,6619; 
0,360921; 2,15192; 40,628; 
0,358223; 2,14995; 40,5942; 
0,355536; 2,14798; 40,5602; 
0,352858; 2,146; 40,5262; 
0,350191; 2,14402; 40,4921; 
0,347534; 2,14204; 40,458; 
0,344887; 2,14006; 40,4238; 
0,34225; 2,13807; 40,3895; 
0,339623; 2,13608; 40,3552; 
0,337006; 2,13408; 40,3208; 
0,3344; 2,13208; 40,2864; 
0,331803; 2,13008; 40,2518; 
0,329217; 2,12808; 40,2172; 
0,326641; 2,12607; 40,1826; 
0,324075; 2,12406; 40,1479; 
0,321519; 2,12204; 40,1131; 
0,318973; 2,12002; 40,0783; 
0,316437; 2,118; 40,0433; 
0,313912; 2,11598; 40,0084; 
0,311396; 2,11395; 39,9733; 
0,308891; 2,11192; 39,9382; 
0,306395; 2,10989; 39,903; 
0,30391; 2,10785; 39,8678; 
0,301435; 2,10581; 39,8325; 
0,29897; 2,10377; 39,7971; 
0,296516; 2,10172; 39,7617; 
0,294071; 2,09967; 39,7262; 
0,291636; 2,09762; 39,6906; 
0,289212; 2,09556; 39,655; 
0,286798; 2,09351; 39,6193; 
0,284393; 2,09144; 39,5835; 
0,281999; 2,08938; 39,5477; 
0,279615; 2,08731; 39,5118; 
0,277242; 2,08524; 39,4758; 
0,274878; 2,08317; 39,4398; 
0,272524; 2,08109; 39,4037; 
0,270181; 2,07902; 39,3675; 
0,267847; 2,07693; 39,3313; 
0,265524; 2,07485; 39,2949; 
0,263211; 2,07276; 39,2586; 
0,260908; 2,07067; 39,2221; 
0,258615; 2,06858; 39,1856; 
0,256333; 2,06648; 39,149; 
0,25406; 2,06438; 39,1124; 
0,251797; 2,06228; 39,0757; 
0,249545; 2,06018; 39,0389; 
0,247303; 2,05807; 39,002; 
0,245071; 2,05596; 38,9651; 
0,242849; 2,05385; 38,9281; 
0,240637; 2,05173; 38,891; 
0,238435; 2,04961; 38,8539; 
0,236243; 2,04749; 38,8167; 
0,234062; 2,04537; 38,7794; 
0,23189; 2,04324; 38,7421; 
0,229729; 2,04111; 38,7046; 
0,227578; 2,03898; 38,6672; 
0,225437; 2,03684; 38,6296; 
0,223306; 2,03471; 38,592; 
0,221185; 2,03257; 38,5543; 
0,219074; 2,03043; 38,5165; 
0,216973; 2,02828; 38,4787; 
0,214883; 2,02613; 38,4408; 
0,212803; 2,02398; 38,4028; 
0,210732; 2,02183; 38,3647; 
0,208672; 2,01968; 38,3266; 
0,206622; 2,01752; 38,2884; 
0,204582; 2,01536; 38,2501; 
0,202553; 2,01319; 38,2118; 
0,200533; 2,01103; 38,1734; 
0,198523; 2,00886; 38,1349; 
0,196524; 2,00669; 38,0963; 
0,194535; 2,00452; 38,0577; 
0,192556; 2,00234; 38,019; 
0,190586; 2,00017; 37,9802; 
0,188628; 1,99799; 37,9414; 
0,186679; 1,9958; 37,9024; 
0,18474; 1,99362; 37,8634; 
0,182811; 1,99143; 37,8244; 
0,180893; 1,98924; 37,7852; 
0,178985; 1,98705; 37,746; 
0,177086; 1,98486; 37,7067; 
0,175198; 1,98266; 37,6673; 
0,17332; 1,98046; 37,6279; 
0,171453; 1,97826; 37,5884; 
0,169595; 1,97606; 37,5488; 
0,167747; 1,97385; 37,5091; 
0,16591; 1,97164; 37,4694; 
0,164082; 1,96943; 37,4296; 
0,162265; 1,96722; 37,3897; 
0,160458; 1,96501; 37,3497; 
0,158661; 1,96279; 37,3096; 
0,156874; 1,96057; 37,2695; 
0,155097; 1,95835; 37,2293; 
0,153331; 1,95613; 37,189; 
0,151574; 1,9539; 37,1487; 
0,149828; 1,95167; 37,1083; 
0,148091; 1,94944; 37,0678; 
0,146365; 1,94721; 37,0272; 
0,144649; 1,94498; 36,9865; 
0,142943; 1,94274; 36,9458; 
0,141247; 1,9405; 36,905; 
0,139562; 1,93826; 36,8641; 
0,137886; 1,93602; 36,8231; 
0,136221; 1,93377; 36,782; 
0,134565; 1,93153; 36,7409; 
0,13292; 1,92928; 36,6997; 
0,131285; 1,92703; 36,6584; 
0,12966; 1,92478; 36,6171; 
0,128045; 1,92252; 36,5756; 
0,12644; 1,92026; 36,5341; 
0,124846; 1,91801; 36,4925; 
0,123261; 1,91574; 36,4508; 
0,121687; 1,91348; 36,409; 
0,120122; 1,91122; 36,3672; 
0,118568; 1,90895; 36,3253; 
0,117024; 1,90668; 36,2833; 
0,11549; 1,90441; 36,2412; 
0,113967; 1,90214; 36,199; 
0,112453; 1,89987; 36,1568; 
0,110949; 1,89759; 36,1145; 
0,109456; 1,89531; 36,072; 
0,107973; 1,89303; 36,0296; 
0,106499; 1,89075; 35,987; 
0,105036; 1,88847; 35,9443; 
0,103583; 1,88618; 35,9016; 
0,10214; 1,8839; 35,8588; 
0,100708; 1,88161; 35,8159; 
0,0992851; 1,87932; 35,7729; 
0,0978727; 1,87703; 35,7298; 
0,0964703; 1,87473; 35,6867; 
0,0950781; 1,87244; 35,6434; 
0,0936959; 1,87014; 35,6001; 
0,0923239; 1,86784; 35,5567; 
0,090962; 1,86554; 35,5132; 
0,0896103; 1,86324; 35,4697; 
0,0882686; 1,86093; 35,426; 
0,0869371; 1,85863; 35,3823; 
0,0856157; 1,85632; 35,3384; 
0,0843044; 1,85401; 35,2945; 
0,0830033; 1,8517; 35,2505; 
0,0817122; 1,84939; 35,2065; 
0,0804313; 1,84707; 35,1623; 
0,0791605; 1,84476; 35,118; 
0,0778998; 1,84244; 35,0737; 
0,0766492; 1,84012; 35,0293; 
0,0754088; 1,8378; 34,9848; 
0,0741784; 1,83548; 34,9402; 
0,0729582; 1,83316; 34,8955; 
0,0717481; 1,83083; 34,8507; 
0,0705482; 1,8285; 34,8058; 
0,0693583; 1,82618; 34,7609; 
0,0681786; 1,82385; 34,7159; 
0,067009; 1,82152; 34,6707; 
0,0658495; 1,81918; 34,6255; 
0,0647001; 1,81685; 34,5802; 
0,0635608; 1,81451; 34,5348; 
0,0624317; 1,81218; 34,4894; 
0,0613127; 1,80984; 34,4438; 
0,0602038; 1,8075; 34,3981; 
0,059105; 1,80516; 34,3524; 
0,0580163; 1,80281; 34,3066; 
0,0569378; 1,80047; 34,2606; 
0,0558694; 1,79813; 34,2146; 
0,0548111; 1,79578; 34,1685; 
0,0537629; 1,79343; 34,1223; 
0,0527248; 1,79108; 34,076; 
0,0516969; 1,78873; 34,0296; 
0,0506791; 1,78638; 33,9832; 
0,0496714; 1,78402; 33,9366; 
0,0486738; 1,78167; 33,8899; 
0,0476863; 1,77931; 33,8432; 
0,046709; 1,77696; 33,7963; 
0,0457418; 1,7746; 33,7494; 
0,0447847; 1,77224; 33,7024; 
0,0438377; 1,76988; 33,6553; 
0,0429008; 1,76751; 33,608; 
0,0419741; 1,76515; 33,5607; 
0,0410574; 1,76279; 33,5133; 
0,0401509; 1,76042; 33,4658; 
0,0392545; 1,75805; 33,4183; 
0,0383683; 1,75568; 33,3706; 
0,0374921; 1,75331; 33,3228; 
0,0366261; 1,75094; 33,2749; 
0,0357702; 1,74857; 33,2269; 
0,0349244; 1,7462; 33,1789; 
0,0340887; 1,74382; 33,1307; 
0,0332632; 1,74145; 33,0825; 
0,0324477; 1,73907; 33,0341; 
0,0316424; 1,7367; 32,9856; 
0,0308472; 1,73432; 32,9371; 
0,0300621; 1,73194; 32,8885; 
0,0292872; 1,72956; 32,8397; 
0,0285223; 1,72717; 32,7909; 
0,0277676; 1,72479; 32,7419; 
0,027023; 1,72241; 32,6929; 
0,0262885; 1,72002; 32,6438; 
0,0255642; 1,71764; 32,5945; 
0,02485; 1,71525; 32,5452; 
0,0241458; 1,71286; 32,4957; 
0,0234518; 1,71047; 32,4462; 
0,022768; 1,70808; 32,3966; 
0,0220942; 1,70569; 32,3468; 
0,0214305; 1,7033; 32,297; 
0,020777; 1,70091; 32,2471; 
0,0201336; 1,69851; 32,197; 
0,0195003; 1,69612; 32,1469; 
0,0188772; 1,69372; 32,0967; 
0,0182641; 1,69133; 32,0463; 
0,0176612; 1,68893; 31,9959; 
0,0170684; 1,68653; 31,9453; 
0,0164857; 1,68413; 31,8947; 
0,0159131; 1,68173; 31,8439; 
0,0153507; 1,67933; 31,7931; 
0,0147984; 1,67693; 31,7421; 
0,0142562; 1,67452; 31,6911; 
0,0137241; 1,67212; 31,6399; 
0,0132021; 1,66972; 31,5886; 
0,0126903; 1,66731; 31,5373; 
0,0121885; 1,6649; 31,4858; 
0,0116969; 1,6625; 31,4342; 
0,0112154; 1,66009; 31,3825; 
0,010744; 1,65768; 31,3307; 
0,0102828; 1,65527; 31,2788; 
0,00983166; 1,65286; 31,2268; 
0,00939065; 1,65045; 31,1747; 
0,00895975; 1,64804; 31,1225; 
0,00853898; 1,64563; 31,0701; 
0,00812832; 1,64322; 31,0177; 
0,00772778; 1,6408; 30,9652; 
0,00733737; 1,63839; 30,9125; 
0,00695707; 1,63597; 30,8597; 
0,00658689; 1,63356; 30,8069; 
0,00622683; 1,63114; 30,7539; 
0,0058769; 1,62872; 30,7008; 
0,00553708; 1,62631; 30,6476; 
0,00520738; 1,62389; 30,5943; 
0,00488779; 1,62147; 30,5409; 
0,00457833; 1,61905; 30,4873; 
0,00427899; 1,61663; 30,4337; 
0,00398977; 1,61421; 30,3799; 
0,00371067; 1,61179; 30,3261; 
0,00344168; 1,60937; 30,2721; 
0,00318282; 1,60694; 30,218; 
0,00293407; 1,60452; 30,1638; 
0,00269545; 1,6021; 30,1095; 
0,00246694; 1,59967; 30,0551; 
0,00224856; 1,59725; 30,0005; 
0,00204029; 1,59482; 29,9459; 
0,00184214; 1,5924; 29,8911; 
0,00165411; 1,58997; 29,8362; 
0,0014762; 1,58755; 29,7812; 
0,00130842; 1,58512; 29,7261; 
0,00115075; 1,58269; 29,6709; 
0,0010032; 1,58026; 29,6155; 
0,000865765; 1,57783; 29,5601; 
0,000738454; 1,5754; 29,5045; 
0,000621262; 1,57298; 29,4488; 
0,00051419; 1,57055; 29,393; 
0,000417237; 1,56811; 29,3371; 
0,000330404; 1,56568; 29,281; 
0,00025369; 1,56325; 29,2249; 
0,000187096; 1,56082; 29,1686; 
0,000130622; 1,55839; 29,1122; 
8,42682e-05; 1,55596; 29,0556; 
4,80368e-05; 1,55352; 28,999; 
2,19347e-05; 1,55109; 28,9422; 
6,02173e-06; 1,54866; 28,8854; 
-3,62107e-08; 1,54622; 28,8284; 
-3,62107e-08; 1,54379; 28,7714; 
-3,62107e-08; 1,54137; 28,7147; 
-3,62107e-08; 1,53896; 28,6583; 
-3,62107e-08; 1,53656; 28,6022; 
-3,62107e-08; 1,53417; 28,5464; 
-3,62107e-08; 1,53179; 28,4908; 
-3,62107e-08; 1,52942; 28,4355; 
-3,62107e-08; 1,52706; 28,3805; 
-3,62107e-08; 1,5247; 28,3257; 
-3,62107e-08; 1,52236; 28,2713; 
-3,62107e-08; 1,52003; 28,2171; 
-3,62107e-08; 1,5177; 28,1631; 
-3,62107e-08; 1,51539; 28,1095; 
-3,62107e-08; 1,51308; 28,0561; 
-3,62107e-08; 1,51079; 28,003; 
-3,62107e-08; 1,5085; 27,9502; 
-3,62107e-08; 1,50622; 27,8976; 
-3,62107e-08; 1,50396; 27,8453; 
-3,62107e-08; 1,5017; 27,7933; 
-3,62107e-08; 1,49945; 27,7415; 
-3,62107e-08; 1,49721; 27,69; 
-3,62107e-08; 1,49497; 27,6388; 
-3,62107e-08; 1,49275; 27,5878; 
-3,62107e-08; 1,49054; 27,5371; 
-3,62107e-08; 1,48833; 27,4867; 
-3,62107e-08; 1,48614; 27,4365; 
-3,62107e-08; 1,48395; 27,3866; 
-3,62107e-08; 1,48178; 27,337; 
-3,62107e-08; 1,47961; 27,2876; 
-3,62107e-08; 1,47745; 27,2385; 
-3,62107e-08; 1,4753; 27,1896; 
-3,62107e-08; 1,47316; 27,141; 
-3,62107e-08; 1,47102; 27,0927; 
-3,62107e-08; 1,4689; 27,0446; 
-3,62107e-08; 1,46678; 26,9967; 
-3,62107e-08; 1,46468; 26,9492; 
-3,62107e-08; 1,46258; 26,9018; 
-3,62107e-08; 1,46049; 26,8548; 
-3,62107e-08; 1,45841; 26,808; 
-3,62107e-08; 1,45634; 26,7614; 
-3,62107e-08; 1,45427; 26,7151; 
-3,62107e-08; 1,45222; 26,6691; 
-3,62107e-08; 1,45017; 26,6233; 
-3,62107e-08; 1,44813; 26,5777; 
-3,62107e-08; 1,4461; 26,5324; 
-3,62107e-08; 1,44408; 26,4874; 
-3,62107e-08; 1,44207; 26,4426; 
-3,62107e-08; 1,44006; 26,398; 
-3,62107e-08; 1,43807; 26,3537; 
-3,62107e-08; 1,43608; 26,3097; 
-3,62107e-08; 1,4341; 26,2658; 
-3,62107e-08; 1,43213; 26,2223; 
-3,62107e-08; 1,43017; 26,179; 
-3,62107e-08; 1,42821; 26,1359; 
-3,62107e-08; 1,42627; 26,093; 
-3,62107e-08; 1,42433; 26,0504; 
-3,62107e-08; 1,4224; 26,0081; 
-3,62107e-08; 1,42047; 25,966; 
-3,62107e-08; 1,41856; 25,9241; 
-3,62107e-08; 1,41665; 25,8824; 
-3,62107e-08; 1,41476; 25,841; 
-3,62107e-08; 1,41286; 25,7999; 
-3,62107e-08; 1,41098; 25,7589; 
-3,62107e-08; 1,40911; 25,7182; 
-3,62107e-08; 1,40724; 25,6778; 
-3,62107e-08; 1,40538; 25,6375; 
-3,62107e-08; 1,40353; 25,5975; 
-3,62107e-08; 1,40169; 25,5578; 
-3,62107e-08; 1,39985; 25,5182; 
-3,62107e-08; 1,39803; 25,4789; 
-3,62107e-08; 1,39621; 25,4399; 
-3,62107e-08; 1,39439; 25,401; 
-3,62107e-08; 1,39259; 25,3624; 
-3,62107e-08; 1,39079; 25,324; 
-3,62107e-08; 1,389; 25,2858; 
-3,62107e-08; 1,38722; 25,2479; 
-3,62107e-08; 1,38545; 25,2102; 
-3,62107e-08; 1,38368; 25,1727; 
-3,62107e-08; 1,38192; 25,1354; 
-3,62107e-08; 1,38017; 25,0983; 
-3,62107e-08; 1,37842; 25,0615; 
-3,62107e-08; 1,37669; 25,0249; 
-3,62107e-08; 1,37496; 24,9885; 
-3,62107e-08; 1,37324; 24,9523; 
-3,62107e-08; 1,37152; 24,9164; 
-3,62107e-08; 1,36981; 24,8806; 
-3,62107e-08; 1,36811; 24,8451; 
-3,62107e-08; 1,36642; 24,8098; 
-3,62107e-08; 1,36473; 24,7747; 
-3,62107e-08; 1,36306; 24,7398; 
-3,62107e-08; 1,36138; 24,7052; 
-3,62107e-08; 1,35972; 24,6707; 
-3,62107e-08; 1,35806; 24,6365; 
-3,62107e-08; 1,35641; 24,6024; 
-3,62107e-08; 1,35477; 24,5686; 
-3,62107e-08; 1,35313; 24,535; 
-3,62107e-08; 1,3515; 24,5016; 
-3,62107e-08; 1,34988; 24,4684; 
-3,62107e-08; 1,34827; 24,4354; 
-3,62107e-08; 1,34666; 24,4026; 
-3,62107e-08; 1,34506; 24,37; 
-3,62107e-08; 1,34346; 24,3376; 
-3,62107e-08; 1,34188; 24,3054; 
-3,62107e-08; 1,3403; 24,2734; 
-3,62107e-08; 1,33872; 24,2417; 
-3,62107e-08; 1,33716; 24,2101; 
-3,62107e-08; 1,3356; 24,1787; 
-3,62107e-08; 1,33404; 24,1475; 
-3,62107e-08; 1,3325; 24,1165; 
-3,62107e-08; 1,33096; 24,0857; 
-3,62107e-08; 1,32942; 24,0551; 
-3,62107e-08; 1,3279; 24,0247; 
-3,62107e-08; 1,32638; 23,9945; 
-3,62107e-08; 1,32486; 23,9645; 
-3,62107e-08; 1,32335; 23,9346; 
-3,62107e-08; 1,32185; 23,905; 
-3,62107e-08; 1,32036; 23,8756; 
-3,62107e-08; 1,31887; 23,8463; 
-3,62107e-08; 1,31739; 23,8172; 
-3,62107e-08; 1,31592; 23,7883; 
-3,62107e-08; 1,31445; 23,7597; 
-3,62107e-08; 1,31299; 23,7311; 
-3,62107e-08; 1,31153; 23,7028; 
-3,62107e-08; 1,31008; 23,6747; 
-3,62107e-08; 1,30864; 23,6467; 
-3,62107e-08; 1,3072; 23,6189; 
-3,62107e-08; 1,30577; 23,5913; 
-3,62107e-08; 1,30435; 23,5639; 
-3,62107e-08; 1,30293; 23,5367; 
-3,62107e-08; 1,30152; 23,5096; 
-3,62107e-08; 1,30012; 23,4828; 
-3,62107e-08; 1,29872; 23,4561; 
-3,62107e-08; 1,29732; 23,4295; 
-3,62107e-08; 1,29594; 23,4032; 
-3,62107e-08; 1,29456; 23,377; 
-3,62107e-08; 1,29318; 23,351; 
-3,62107e-08; 1,29181; 23,3252; 
-3,62107e-08; 1,29045; 23,2995; 
-3,62107e-08; 1,28909; 23,2741; 
-3,62107e-08; 1,28774; 23,2487; 
-3,62107e-08; 1,2864; 23,2236; 
-3,62107e-08; 1,28506; 23,1986; 
-3,62107e-08; 1,28372; 23,1738; 
-3,62107e-08; 1,2824; 23,1492; 
-3,62107e-08; 1,28108; 23,1247; 
-3,62107e-08; 1,27976; 23,1004; 
-3,62107e-08; 1,27845; 23,0763; 
-3,62107e-08; 1,27715; 23,0523; 
-3,62107e-08; 1,27585; 23,0285; 
-3,62107e-08; 1,27456; 23,0048; 
-3,62107e-08; 1,27327; 22,9813; 
-3,62107e-08; 1,27199; 22,958; 
-3,62107e-08; 1,27071; 22,9348; 
-3,62107e-08; 1,26944; 22,9118; 
-3,62107e-08; 1,26818; 22,8889; 
-3,62107e-08; 1,26692; 22,8662; 
-3,62107e-08; 1,26567; 22,8437; 
-3,62107e-08; 1,26442; 22,8213; 
-3,62107e-08; 1,26318; 22,799; 
-3,62107e-08; 1,26194; 22,777; 
-3,62107e-08; 1,26071; 22,755; 
-3,62107e-08; 1,25949; 22,7333; 
-3,62107e-08; 1,25827; 22,7116; 
-3,62107e-08; 1,25705; 22,6902; 
-3,62107e-08; 1,25584; 22,6688; 
-3,62107e-08; 1,25464; 22,6477; 
-3,62107e-08; 1,25344; 22,6266; 
-3,62107e-08; 1,25225; 22,6057; 
-3,62107e-08; 1,25106; 22,585; 
-3,62107e-08; 1,24988; 22,5644; 
-3,62107e-08; 1,2487; 22,544; 
-3,62107e-08; 1,24753; 22,5237; 
-3,62107e-08; 1,24636; 22,5035; 
-3,62107e-08; 1,2452; 22,4835; 
-3,62107e-08; 1,24404; 22,4636; 
-3,62107e-08; 1,24289; 22,4439; 
-3,62107e-08; 1,24175; 22,4243; 
-3,62107e-08; 1,24061; 22,4048; 
-3,62107e-08; 1,23947; 22,3855; 
-3,62107e-08; 1,23834; 22,3664; 
-3,62107e-08; 1,23721; 22,3473; 
-3,62107e-08; 1,23609; 22,3284; 
-3,62107e-08; 1,23498; 22,3096; 
-3,62107e-08; 1,23387; 22,291; 
-3,62107e-08; 1,23276; 22,2725; 
-3,62107e-08; 1,23166; 22,2541; 
-3,62107e-08; 1,23057; 22,2359; 
-3,62107e-08; 1,22948; 22,2178; 
-3,62107e-08; 1,22839; 22,1998; 
-3,62107e-08; 1,22731; 22,182; 
-3,62107e-08; 1,22623; 22,1643; 
-3,62107e-08; 1,22516; 22,1467; 
-3,62107e-08; 1,2241; 22,1292; 
-3,62107e-08; 1,22303; 22,1119; 
-3,62107e-08; 1,22198; 22,0947; 
-3,62107e-08; 1,22093; 22,0776; 
-3,62107e-08; 1,21988; 22,0607; 
-3,62107e-08; 1,21884; 22,0438; 
-3,62107e-08; 1,2178; 22,0271; 
-3,62107e-08; 1,21676; 22,0105; 
-3,62107e-08; 1,21574; 21,9941; 
-3,62107e-08; 1,21471; 21,9777; 
-3,62107e-08; 1,21369; 21,9615; 
-3,62107e-08; 1,21268; 21,9454; 
-3,62107e-08; 1,21167; 21,9294; 
-3,62107e-08; 1,21066; 21,9136; 
-3,62107e-08; 1,20966; 21,8978; 
-3,62107e-08; 1,20867; 21,8822; 
-3,62107e-08; 1,20768; 21,8667; 
-3,62107e-08; 1,20669; 21,8513; 
-3,62107e-08; 1,20571; 21,836; 
-3,62107e-08; 1,20473; 21,8208; 
-3,62107e-08; 1,20375; 21,8057; 
-3,62107e-08; 1,20278; 21,7908; 
-3,62107e-08; 1,20182; 21,776; 
-3,62107e-08; 1,20086; 21,7613; 
-3,62107e-08; 1,1999; 21,7466; 
-3,62107e-08; 1,19895; 21,7321; 
-3,62107e-08; 1,198; 21,7177; 
-3,62107e-08; 1,19706; 21,7035; 
-3,62107e-08; 1,19612; 21,6893; 
-3,62107e-08; 1,19519; 21,6752; 
-3,62107e-08; 1,19426; 21,6613; 
-3,62107e-08; 1,19333; 21,6474; 
-3,62107e-08; 1,19241; 21,6336; 
-3,62107e-08; 1,19149; 21,62; 
-3,62107e-08; 1,19058; 21,6064; 
-3,62107e-08; 1,18967; 21,593; 
-3,62107e-08; 1,18876; 21,5797; 
-3,62107e-08; 1,18786; 21,5664; 
-3,62107e-08; 1,18697; 21,5533; 
-3,62107e-08; 1,18607; 21,5403; 
-3,62107e-08; 1,18518; 21,5273; 
-3,62107e-08; 1,1843; 21,5145; 
-3,62107e-08; 1,18342; 21,5017; 
-3,62107e-08; 1,18254; 21,4891; 
-3,62107e-08; 1,18167; 21,4766; 
-3,62107e-08; 1,1808; 21,4641; 
-3,62107e-08; 1,17994; 21,4518; 
-3,62107e-08; 1,17908; 21,4395; 
-3,62107e-08; 1,17822; 21,4273; 
-3,62107e-08; 1,17737; 21,4153; 
-3,62107e-08; 1,17652; 21,4033; 
-3,62107e-08; 1,17567; 21,3914; 
-3,62107e-08; 1,17483; 21,3796; 
-3,62107e-08; 1,174; 21,3679; 
-3,62107e-08; 1,17316; 21,3563; 
-3,62107e-08; 1,17233; 21,3448; 
-3,62107e-08; 1,17151; 21,3334; 
-3,62107e-08; 1,17069; 21,322; 
-3,62107e-08; 1,16987; 21,3108; 
-3,62107e-08; 1,16905; 21,2996; 
-3,62107e-08; 1,16824; 21,2886; 
-3,62107e-08; 1,16744; 21,2776; 
-3,62107e-08; 1,16663; 21,2667; 
-3,62107e-08; 1,16584; 21,2559; 
-3,62107e-08; 1,16504; 21,2451; 
-3,62107e-08; 1,16425; 21,2345; 
-3,62107e-08; 1,16346; 21,2239; 
-3,62107e-08; 1,16267; 21,2134; 
-3,62107e-08; 1,16189; 21,2031; 
-3,62107e-08; 1,16112; 21,1927; 
-3,62107e-08; 1,16034; 21,1825; 
-3,62107e-08; 1,15957; 21,1724; 
-3,62107e-08; 1,15881; 21,1623; 
-3,62107e-08; 1,15804; 21,1523; 
-3,62107e-08; 1,15728; 21,1424; 
-3,62107e-08; 1,15653; 21,1326; 
-3,62107e-08; 1,15578; 21,1228; 
-3,62107e-08; 1,15503; 21,1131; 
-3,62107e-08; 1,15428; 21,1035; 
-3,62107e-08; 1,15354; 21,094; 
-3,62107e-08; 1,1528; 21,0846; 
-3,62107e-08; 1,15207; 21,0752; 
-3,62107e-08; 1,15133; 21,0659; 
-3,62107e-08; 1,15061; 21,0567; 
-3,62107e-08; 1,14988; 21,0475; 
-3,62107e-08; 1,14916; 21,0385; 
-3,62107e-08; 1,14844; 21,0295; 
-3,62107e-08; 1,14773; 21,0205; 
-3,62107e-08; 1,14701; 21,0117; 
-3,62107e-08; 1,14631; 21,0029; 
-3,62107e-08; 1,1456; 20,9942; 
-3,62107e-08; 1,1449; 20,9855; 
-3,62107e-08; 1,1442; 20,977; 
-3,62107e-08; 1,14351; 20,9684; 
-3,62107e-08; 1,14281; 20,96; 
-3,62107e-08; 1,14213; 20,9516; 
-3,62107e-08; 1,14144; 20,9433; 
-3,62107e-08; 1,14076; 20,9351; 
-3,62107e-08; 1,14008; 20,927; 
-3,62107e-08; 1,1394; 20,9189; 
-3,62107e-08; 1,13873; 20,9108; 
-3,62107e-08; 1,13806; 20,9029; 
-3,62107e-08; 1,13739; 20,895; 
-3,62107e-08; 1,13673; 20,8871; 
-3,62107e-08; 1,13607; 20,8794; 
-3,62107e-08; 1,13541; 20,8716; 
-3,62107e-08; 1,13476; 20,864; 
-3,62107e-08; 1,13411; 20,8564; 
-3,62107e-08; 1,13346; 20,8489; 
-3,62107e-08; 1,13282; 20,8414; 
-3,62107e-08; 1,13217; 20,834; 
-3,62107e-08; 1,13154; 20,8267; 
-3,62107e-08; 1,1309; 20,8194; 
-3,62107e-08; 1,13027; 20,8122; 
-3,62107e-08; 1,12964; 20,8051; 
-3,62107e-08; 1,12901; 20,798; 
-3,62107e-08; 1,12839; 20,7909; 
-3,62107e-08; 1,12776; 20,7839; 
-3,62107e-08; 1,12715; 20,777; 
-3,62107e-08; 1,12653; 20,7702; 
-3,62107e-08; 1,12592; 20,7633; 
-3,62107e-08; 1,12531; 20,7566; 
-3,62107e-08; 1,1247; 20,7499; 
-3,62107e-08; 1,1241; 20,7433; 
-3,62107e-08; 1,1235; 20,7367; 
-3,62107e-08; 1,1229; 20,7301; 
-3,62107e-08; 1,1223; 20,7237; 
-3,62107e-08; 1,12171; 20,7172; 
-3,62107e-08; 1,12112; 20,7109; 
-3,62107e-08; 1,12054; 20,7046; 
-3,62107e-08; 1,11995; 20,6983; 
-3,62107e-08; 1,11937; 20,6921; 
-3,62107e-08; 1,11879; 20,6859; 
-3,62107e-08; 1,11822; 20,6798; 
-3,62107e-08; 1,11764; 20,6738; 
-3,62107e-08; 1,11707; 20,6678; 
-3,62107e-08; 1,1165; 20,6618; 
-3,62107e-08; 1,11594; 20,6559; 
-3,62107e-08; 1,11538; 20,6501; 
-3,62107e-08; 1,11482; 20,6443; 
-3,62107e-08; 1,11426; 20,6385; 
-3,62107e-08; 1,1137; 20,6328; 
-3,62107e-08; 1,11315; 20,6271; 
-3,62107e-08; 1,1126; 20,6215; 
-3,62107e-08; 1,11206; 20,616; 
-3,62107e-08; 1,11151; 20,6105; 
-3,62107e-08; 1,11097; 20,605; 
-3,62107e-08; 1,11043; 20,5996; 
-3,62107e-08; 1,1099; 20,5942; 
-3,62107e-08; 1,10936; 20,5889; 
-3,62107e-08; 1,10883; 20,5836; 
-3,62107e-08; 1,1083; 20,5783; 
-3,62107e-08; 1,10778; 20,5731; 
-3,62107e-08; 1,10725; 20,568; 
-3,62107e-08; 1,10673; 20,5629; 
-3,62107e-08; 1,10621; 20,5578; 
-3,62107e-08; 1,1057; 20,5528; 
-3,62107e-08; 1,10518; 20,5478; 
-3,62107e-08; 1,10467; 20,5429; 
-3,62107e-08; 1,10416; 20,538; 
-3,62107e-08; 1,10365; 20,5331; 
-3,62107e-08; 1,10315; 20,5283; 
-3,62107e-08; 1,10265; 20,5236; 
-3,62107e-08; 1,10215; 20,5188; 
-3,62107e-08; 1,10165; 20,5141; 
-3,62107e-08; 1,10116; 20,5095; 
-3,62107e-08; 1,10066; 20,5049; 
-3,62107e-08; 1,10017; 20,5003; 
-3,62107e-08; 1,09969; 20,4958; 
-3,62107e-08; 1,0992; 20,4913; 
-3,62107e-08; 1,09872; 20,4868; 
-3,62107e-08; 1,09824; 20,4824; 
-3,62107e-08; 1,09776; 20,4781; 
-3,62107e-08; 1,09728; 20,4737; 
-3,62107e-08; 1,09681; 20,4694; 
-3,62107e-08; 1,09634; 20,4652; 
-3,62107e-08; 1,09587; 20,4609; 
-3,62107e-08; 1,0954; 20,4568; 
-3,62107e-08; 1,09493; 20,4526; 
-3,62107e-08; 1,09447; 20,4485; 
-3,62107e-08; 1,09401; 20,4444; 
-3,62107e-08; 1,09355; 20,4404; 
-3,62107e-08; 1,0931; 20,4364; 
-3,62107e-08; 1,09264; 20,4324; 
-3,62107e-08; 1,09219; 20,4284; 
-3,62107e-08; 1,09174; 20,4245; 
-3,62107e-08; 1,09129; 20,4207; 
-3,62107e-08; 1,09085; 20,4168; 
-3,62107e-08; 1,0904; 20,413; 
-3,62107e-08; 1,08996; 20,4092; 
-3,62107e-08; 1,08952; 20,4055; 
-3,62107e-08; 1,08909; 20,4018; 
-3,62107e-08; 1,08865; 20,3981; 
-3,62107e-08; 1,08822; 20,3945; 
-3,62107e-08; 1,08779; 20,3909; 
-3,62107e-08; 1,08736; 20,3873; 
-3,62107e-08; 1,08693; 20,3838; 
-3,62107e-08; 1,08651; 20,3802; 
-3,62107e-08; 1,08609; 20,3768; 
-3,62107e-08; 1,08567; 20,3733; 
-3,62107e-08; 1,08525; 20,3699; 
-3,62107e-08; 1,08483; 20,3665; 
-3,62107e-08; 1,08442; 20,3631; 
-3,62107e-08; 1,084; 20,3598; 
-3,62107e-08; 1,08359; 20,3565; 
-3,62107e-08; 1,08318; 20,3532; 
-3,62107e-08; 1,08278; 20,35; 
-3,62107e-08; 1,08237; 20,3467; 
-3,62107e-08; 1,08197; 20,3436; 
-3,62107e-08; 1,08157; 20,3404; 
-3,62107e-08; 1,08117; 20,3373; 
-3,62107e-08; 1,08077; 20,3342; 
-3,62107e-08; 1,08038; 20,3311; 
-3,62107e-08; 1,07999; 20,328; 
-3,62107e-08; 1,07959; 20,325; 
-3,62107e-08; 1,07921; 20,322; 
-3,62107e-08; 1,07882; 20,319; 
-3,62107e-08; 1,07843; 20,3161; 
-3,62107e-08; 1,07805; 20,3132; 
-3,62107e-08; 1,07767; 20,3103; 
-3,62107e-08; 1,07729; 20,3074; 
-3,62107e-08; 1,07691; 20,3046; 
-3,62107e-08; 1,07653; 20,3018; 
-3,62107e-08; 1,07616; 20,299; 
-3,62107e-08; 1,07578; 20,2962; 
-3,62107e-08; 1,07541; 20,2935; 
-3,62107e-08; 1,07504; 20,2907; 
-3,62107e-08; 1,07468; 20,2881; 
-3,62107e-08; 1,07431; 20,2854; 
-3,62107e-08; 1,07395; 20,2827; 
-3,62107e-08; 1,07358; 20,2801; 
-3,62107e-08; 1,07322; 20,2775; 
-3,62107e-08; 1,07286; 20,2749; 
-3,62107e-08; 1,07251; 20,2724; 
-3,62107e-08; 1,07215; 20,2699; 
-3,62107e-08; 1,0718; 20,2674; 
-3,62107e-08; 1,07145; 20,2649; 
-3,62107e-08; 1,0711; 20,2624; 
-3,62107e-08; 1,07075; 20,26; 
-3,62107e-08; 1,0704; 20,2576; 
-3,62107e-08; 1,07006; 20,2552; 
-3,62107e-08; 1,06971; 20,2528; 
-3,62107e-08; 1,06937; 20,2504; 
-3,62107e-08; 1,06903; 20,2481; 
-3,62107e-08; 1,06869; 20,2458; 
-3,62107e-08; 1,06835; 20,2435; 
-3,62107e-08; 1,06802; 20,2412; 
-3,62107e-08; 1,06769; 20,239; 
-3,62107e-08; 1,06735; 20,2368; 
-3,62107e-08; 1,06702; 20,2346; 
-3,62107e-08; 1,06669; 20,2324; 
-3,62107e-08; 1,06637; 20,2302; 
-3,62107e-08; 1,06604; 20,228; 
-3,62107e-08; 1,06572; 20,2259; 
-3,62107e-08; 1,06539; 20,2238; 
-3,62107e-08; 1,06507; 20,2217; 
-3,62107e-08; 1,06475; 20,2196; 
-3,62107e-08; 1,06444; 20,2176; 
-3,62107e-08; 1,06412; 20,2156; 
-3,62107e-08; 1,06381; 20,2135; 
-3,62107e-08; 1,06349; 20,2115; 
-3,62107e-08; 1,06318; 20,2096; 
-3,62107e-08; 1,06287; 20,2076; 
-3,62107e-08; 1,06256; 20,2057; 
-3,62107e-08; 1,06225; 20,2037; 
-3,62107e-08; 1,06195; 20,2018; 
-3,62107e-08; 1,06164; 20,1999; 
-3,62107e-08; 1,06134; 20,1981; 
-3,62107e-08; 1,06104; 20,1962; 
-3,62107e-08; 1,06074; 20,1944; 
-3,62107e-08; 1,06044; 20,1925; 
-3,62107e-08; 1,06014; 20,1907; 
-3,62107e-08; 1,05985; 20,1889; 
-3,62107e-08; 1,05955; 20,1872; 
-3,62107e-08; 1,05926; 20,1854; 
-3,62107e-08; 1,05897; 20,1837; 
-3,62107e-08; 1,05868; 20,1819; 
-3,62107e-08; 1,05839; 20,1802; 
-3,62107e-08; 1,0581; 20,1785; 
-3,62107e-08; 1,05782; 20,1768; 
-3,62107e-08; 1,05753; 20,1752; 
-3,62107e-08; 1,05725; 20,1735; 
-3,62107e-08; 1,05697; 20,1719; 
-3,62107e-08; 1,05669; 20,1703; 
-3,62107e-08; 1,05641; 20,1687; 
-3,62107e-08; 1,05613; 20,1671; 
-3,62107e-08; 1,05586; 20,1655; 
-3,62107e-08; 1,05558; 20,164; 
-3,62107e-08; 1,05531; 20,1624; 
-3,62107e-08; 1,05504; 20,1609; 
-3,62107e-08; 1,05477; 20,1594; 
-3,62107e-08; 1,0545; 20,1579; 
-3,62107e-08; 1,05423; 20,1564; 
-3,62107e-08; 1,05396; 20,1549; 
-3,62107e-08; 1,0537; 20,1534; 
-3,62107e-08; 1,05343; 20,152; 
-3,62107e-08; 1,05317; 20,1505; 
-3,62107e-08; 1,05291; 20,1491; 
-3,62107e-08; 1,05265; 20,1477; 
-3,62107e-08; 1,05239; 20,1463; 
-3,62107e-08; 1,05213; 20,1449; 
-3,62107e-08; 1,05187; 20,1436; 
-3,62107e-08; 1,05162; 20,1422; 
-3,62107e-08; 1,05136; 20,1408; 
-3,62107e-08; 1,05111; 20,1395; 
-3,62107e-08; 1,05086; 20,1382; 
-3,62107e-08; 1,05061; 20,1369; 
-3,62107e-08; 1,05036; 20,1356; 
-3,62107e-08; 1,05011; 20,1343; 
-3,62107e-08; 1,04986; 20,133; 
-3,62107e-08; 1,04962; 20,1318; 
-3,62107e-08; 1,04937; 20,1305; 
-3,62107e-08; 1,04913; 20,1293; 
-3,62107e-08; 1,04889; 20,1281; 
-3,62107e-08; 1,04865; 20,1268; 
-3,62107e-08; 1,04841; 20,1256; 
-3,62107e-08; 1,04817; 20,1244; 
-3,62107e-08; 1,04793; 20,1233; 
-3,62107e-08; 1,04769; 20,1221; 
-3,62107e-08; 1,04746; 20,1209; 
-3,62107e-08; 1,04723; 20,1198; 
-3,62107e-08; 1,04699; 20,1186; 
-3,62107e-08; 1,04676; 20,1175; 
-3,62107e-08; 1,04653; 20,1164; 
-3,62107e-08; 1,0463; 20,1153; 
-3,62107e-08; 1,04607; 20,1142; 
-3,62107e-08; 1,04585; 20,1131; 
-3,62107e-08; 1,04562; 20,112; 
-3,62107e-08; 1,04539; 20,111; 
-3,62107e-08; 1,04517; 20,1099; 
-3,62107e-08; 1,04495; 20,1089; 
-3,62107e-08; 1,04473; 20,1078; 
-3,62107e-08; 1,04451; 20,1068; 
-3,62107e-08; 1,04429; 20,1058; 
-3,62107e-08; 1,04407; 20,1048; 
-3,62107e-08; 1,04385; 20,1038; 
-3,62107e-08; 1,04363; 20,1028; 
-3,62107e-08; 1,04342; 20,1018; 
-3,62107e-08; 1,0432; 20,1008; 
-3,62107e-08; 1,04299; 20,0999; 
-3,62107e-08; 1,04278; 20,0989; 
-3,62107e-08; 1,04257; 20,098; 
-3,62107e-08; 1,04236; 20,097; 
-3,62107e-08; 1,04215; 20,0961; 
-3,62107e-08; 1,04194; 20,0952; 
-3,62107e-08; 1,04173; 20,0943; 
-3,62107e-08; 1,04153; 20,0934; 
-3,62107e-08; 1,04132; 20,0925; 
-3,62107e-08; 1,04112; 20,0916; 
-3,62107e-08; 1,04092; 20,0907; 
-3,62107e-08; 1,04071; 20,0899; 
-3,62107e-08; 1,04051; 20,089; 
-3,62107e-08; 1,04031; 20,0882; 
-3,62107e-08; 1,04011; 20,0873; 
-3,62107e-08; 1,03992; 20,0865; 
-3,62107e-08; 1,03972; 20,0856; 
-3,62107e-08; 1,03952; 20,0848; 
-3,62107e-08; 1,03933; 20,084; 
-3,62107e-08; 1,03913; 20,0832; 
-3,62107e-08; 1,03894; 20,0824; 
-3,62107e-08; 1,03875; 20,0816; 
-3,62107e-08; 1,03856; 20,0808; 
-3,62107e-08; 1,03836; 20,0801; 
-3,62107e-08; 1,03818; 20,0793; 
-3,62107e-08; 1,03799; 20,0785; 
-3,62107e-08; 1,0378; 20,0778; 
-3,62107e-08; 1,03761; 20,077; 
-3,62107e-08; 1,03743; 20,0763; 
-3,62107e-08; 1,03724; 20,0756; 
-3,62107e-08; 1,03706; 20,0748; 
-3,62107e-08; 1,03687; 20,0741; 
-3,62107e-08; 1,03669; 20,0734; 
-3,62107e-08; 1,03651; 20,0727; 
-3,62107e-08; 1,03633; 20,072; 
-3,62107e-08; 1,03615; 20,0713; 
-3,62107e-08; 1,03597; 20,0706; 
-3,62107e-08; 1,03579; 20,07; 
-3,62107e-08; 1,03562; 20,0693; 
-3,62107e-08; 1,03544; 20,0686; 
-3,62107e-08; 1,03527; 20,068; 
-3,62107e-08; 1,03509; 20,0673; 
-3,62107e-08; 1,03492; 20,0667; 
-3,62107e-08; 1,03475; 20,066; 
-3,62107e-08; 1,03457; 20,0654; 
-3,62107e-08; 1,0344; 20,0648; 
-3,62107e-08; 1,03423; 20,0641; 
-3,62107e-08; 1,03406; 20,0635; 
-3,62107e-08; 1,03389; 20,0629; 
-3,62107e-08; 1,03373; 20,0623; 
-3,62107e-08; 1,03356; 20,0617; 
-3,62107e-08; 1,03339; 20,0611; 
-3,62107e-08; 1,03323; 20,0605; 
-3,62107e-08; 1,03306; 20,0599; 
-3,62107e-08; 1,0329; 20,0594; 
-3,62107e-08; 1,03274; 20,0588; 
-3,62107e-08; 1,03258; 20,0582; 
-3,62107e-08; 1,03242; 20,0577; 
-3,62107e-08; 1,03225; 20,0571; 
-3,62107e-08; 1,0321; 20,0565; 
-3,62107e-08; 1,03194; 20,056; 
-3,62107e-08; 1,03178; 20,0555; 
-3,62107e-08; 1,03162; 20,0549; 
-3,62107e-08; 1,03146; 20,0544; 
-3,62107e-08; 1,03131; 20,0539; 
-3,62107e-08; 1,03115; 20,0534; 
-3,62107e-08; 1,031; 20,0528; 
-3,62107e-08; 1,03085; 20,0523; 
-3,62107e-08; 1,03069; 20,0518; 
-3,62107e-08; 1,03054; 20,0513; 
-3,62107e-08; 1,03039; 20,0508; 
-3,62107e-08; 1,03024; 20,0503; 
-3,62107e-08; 1,03009; 20,0498; 
-3,62107e-08; 1,02994; 20,0494; 
-3,62107e-08; 1,02979; 20,0489; 
-3,62107e-08; 1,02965; 20,0484; 
-3,62107e-08; 1,0295; 20,0479; 
-3,62107e-08; 1,02935; 20,0475; 
-3,62107e-08; 1,02921; 20,047; 
-3,62107e-08; 1,02906; 20,0466; 
-3,62107e-08; 1,02892; 20,0461; 
-3,62107e-08; 1,02878; 20,0457; 
-3,62107e-08; 1,02863; 20,0452; 
-3,62107e-08; 1,02849; 20,0448; 
-3,62107e-08; 1,02835; 20,0444; 
-3,62107e-08; 1,02821; 20,0439; 
-3,62107e-08; 1,02807; 20,0435; 
-3,62107e-08; 1,02793; 20,0431; 
-3,62107e-08; 1,02779; 20,0427; 
-3,62107e-08; 1,02766; 20,0423; 
-3,62107e-08; 1,02752; 20,0418; 
-3,62107e-08; 1,02738; 20,0414; 
-3,62107e-08; 1,02725; 20,041; 
-3,62107e-08; 1,02711; 20,0406; 
-3,62107e-08; 1,02698; 20,0402; 
-3,62107e-08; 1,02684; 20,0399; 
-3,62107e-08; 1,02671; 20,0395; 
-3,62107e-08; 1,02658; 20,0391; 
-3,62107e-08; 1,02645; 20,0387; 
-3,62107e-08; 1,02632; 20,0383; 
-3,62107e-08; 1,02619; 20,038; 
-3,62107e-08; 1,02606; 20,0376; 
-3,62107e-08; 1,02593; 20,0372; 
-3,62107e-08; 1,0258; 20,0369; 
-3,62107e-08; 1,02567; 20,0365; 
-3,62107e-08; 1,02554; 20,0362; 
-3,62107e-08; 1,02542; 20,0358; 
-3,62107e-08; 1,02529; 20,0355; 
-3,62107e-08; 1,02516; 20,0351; 
-3,62107e-08; 1,02504; 20,0348; 
-3,62107e-08; 1,02492; 20,0344; 
-3,62107e-08; 1,02479; 20,0341; 
-3,62107e-08; 1,02467; 20,0338; 
-3,62107e-08; 1,02455; 20,0334; 
-3,62107e-08; 1,02443; 20,0331; 
-3,62107e-08; 1,0243; 20,0328; 
-3,62107e-08; 1,02418; 20,0325; 
-3,62107e-08; 1,02406; 20,0322; 
-3,62107e-08; 1,02394; 20,0318; 
-3,62107e-08; 1,02383; 20,0315; 
-3,62107e-08; 1,02371; 20,0312; 
-3,62107e-08; 1,02359; 20,0309; 
-3,62107e-08; 1,02347; 20,0306; 
-3,62107e-08; 1,02336; 20,0303; 
-3,62107e-08; 1,02324; 20,03; 
-3,62107e-08; 1,02313; 20,0297; 
-3,62107e-08; 1,02301; 20,0295; 
-3,62107e-08; 1,0229; 20,0292; 
-3,62107e-08; 1,02278; 20,0289; 
-3,62107e-08; 1,02267; 20,0286; 
-3,62107e-08; 1,02256; 20,0283; 
-3,62107e-08; 1,02245; 20,028; 
-3,62107e-08; 1,02234; 20,0278; 
-3,62107e-08; 1,02222; 20,0275; 
-3,62107e-08; 1,02211; 20,0272; 
-3,62107e-08; 1,022; 20,027; 
-3,62107e-08; 1,0219; 20,0267; 
-3,62107e-08; 1,02179; 20,0265; 
-3,62107e-08; 1,02168; 20,0262; 
-3,62107e-08; 1,02157; 20,0259; 
-3,62107e-08; 1,02146; 20,0257; 
-3,62107e-08; 1,02136; 20,0254; 
-3,62107e-08; 1,02125; 20,0252; 
-3,62107e-08; 1,02115; 20,0249; 
-3,62107e-08; 1,02104; 20,0247; 
-3,62107e-08; 1,02094; 20,0245; 
-3,62107e-08; 1,02083; 20,0242; 
-3,62107e-08; 1,02073; 20,024; 
-3,62107e-08; 1,02063; 20,0237; 
-3,62107e-08; 1,02052; 20,0235; 
-3,62107e-08; 1,02042; 20,0233; 
-3,62107e-08; 1,02032; 20,0231; 
-3,62107e-08; 1,02022; 20,0228; 
-3,62107e-08; 1,02012; 20,0226; 
-3,62107e-08; 1,02002; 20,0224; 
-3,62107e-08; 1,01992; 20,0222; 
-3,62107e-08; 1,01982; 20,022; 
-3,62107e-08; 1,01972; 20,0217; 
-3,62107e-08; 1,01963; 20,0215; 
-3,62107e-08; 1,01953; 20,0213; 
-3,62107e-08; 1,01943; 20,0211; 
-3,62107e-08; 1,01934; 20,0209; 
-3,62107e-08; 1,01924; 20,0207; 
-3,62107e-08; 1,01914; 20,0205; 
-3,62107e-08; 1,01905; 20,0203; 
-3,62107e-08; 1,01895; 20,0201; 
-3,62107e-08; 1,01886; 20,0199; 
-3,62107e-08; 1,01877; 20,0197; 
-3,62107e-08; 1,01867; 20,0195; 
-3,62107e-08; 1,01858; 20,0193; 
-3,62107e-08; 1,01849; 20,0191; 
-3,62107e-08; 1,0184; 20,019; 
-3,62107e-08; 1,01831; 20,0188; 
-3,62107e-08; 1,01821; 20,0186; 
-3,62107e-08; 1,01812; 20,0184; 
-3,62107e-08; 1,01803; 20,0182; 
-3,62107e-08; 1,01794; 20,018; 
-3,62107e-08; 1,01786; 20,0179; 
-3,62107e-08; 1,01777; 20,0177; 
-3,62107e-08; 1,01768; 20,0175; 
-3,62107e-08; 1,01759; 20,0173; 
-3,62107e-08; 1,0175; 20,0172; 
-3,62107e-08; 1,01742; 20,017; 
-3,62107e-08; 1,01733; 20,0168; 
-3,62107e-08; 1,01724; 20,0167; 
-3,62107e-08; 1,01716; 20,0165; 
-3,62107e-08; 1,01707; 20,0164; 
-3,62107e-08; 1,01699; 20,0162; 
-3,62107e-08; 1,0169; 20,016; 
-3,62107e-08; 1,01682; 20,0159; 
-3,62107e-08; 1,01674; 20,0157; 
-3,62107e-08; 1,01665; 20,0156; 
-3,62107e-08; 1,01657; 20,0154; 
-3,62107e-08; 1,01649; 20,0153; 
-3,62107e-08; 1,01641; 20,0151; 
-3,62107e-08; 1,01632; 20,015; 
-3,62107e-08; 1,01624; 20,0148; 
-3,62107e-08; 1,01616; 20,0147; 
-3,62107e-08; 1,01608; 20,0145; 
-3,62107e-08; 1,016; 20,0144; 
-3,62107e-08; 1,01592; 20,0143; 
-3,62107e-08; 1,01584; 20,0141; 
-3,62107e-08; 1,01577; 20,014; 
-3,62107e-08; 1,01569; 20,0138; 
-3,62107e-08; 1,01561; 20,0137; 
-3,62107e-08; 1,01553; 20,0136; 
-3,62107e-08; 1,01545; 20,0134; 
-3,62107e-08; 1,01538; 20,0133; 
-3,62107e-08; 1,0153; 20,0132; 
-3,62107e-08; 1,01523; 20,013; 
-3,62107e-08; 1,01515; 20,0129; 
-3,62107e-08; 1,01507; 20,0128; 
-3,62107e-08; 1,015; 20,0127; 
-3,62107e-08; 1,01493; 20,0125; 
-3,62107e-08; 1,01485; 20,0124; 
-3,62107e-08; 1,01478; 20,0123; 
-3,62107e-08; 1,0147; 20,0122; 
-3,62107e-08; 1,01463; 20,0121; 
-3,62107e-08; 1,01456; 20,0119; 
-3,62107e-08; 1,01449; 20,0118; 
-3,62107e-08; 1,01441; 20,0117; 
-3,62107e-08; 1,01434; 20,0116; 
-3,62107e-08; 1,01427; 20,0115; 
-3,62107e-08; 1,0142; 20,0114; 
-3,62107e-08; 1,01413; 20,0113; 
-3,62107e-08; 1,01406; 20,0111; 
-3,62107e-08; 1,01399; 20,011; 
-3,62107e-08; 1,01392; 20,0109; 
-3,62107e-08; 1,01385; 20,0108; 
-3,62107e-08; 1,01378; 20,0107; 
-3,62107e-08; 1,01371; 20,0106; 
-3,62107e-08; 1,01365; 20,0105; 
-3,62107e-08; 1,01358; 20,0104; 
-3,62107e-08; 1,01351; 20,0103; 
-3,62107e-08; 1,01344; 20,0102; 
-3,62107e-08; 1,01338; 20,0101; 
-3,62107e-08; 1,01331; 20,01; 
-3,62107e-08; 1,01324; 20,0099; 
-3,62107e-08; 1,01318; 20,0098; 
-3,62107e-08; 1,01311; 20,0097; 
-3,62107e-08; 1,01305; 20,0096; 
-3,62107e-08; 1,01298; 20,0095; 
-3,62107e-08; 1,01292; 20,0094; 
-3,62107e-08; 1,01285; 20,0093; 
-3,62107e-08; 1,01279; 20,0092; 
-3,62107e-08; 1,01273; 20,0091; 
-3,62107e-08; 1,01266; 20,0091; 
-3,62107e-08; 1,0126; 20,009; 
-3,62107e-08; 1,01254; 20,0089; 
-3,62107e-08; 1,01247; 20,0088; 
-3,62107e-08; 1,01241; 20,0087; 
-3,62107e-08; 1,01235; 20,0086; 
-3,62107e-08; 1,01229; 20,0085; 
-3,62107e-08; 1,01223; 20,0084; 
-3,62107e-08; 1,01217; 20,0084; 
-3,62107e-08; 1,01211; 20,0083; 
-3,62107e-08; 1,01205; 20,0082; 
-3,62107e-08; 1,01199; 20,0081; 
-3,62107e-08; 1,01193; 20,008; 
-3,62107e-08; 1,01187; 20,008; 
-3,62107e-08; 1,01181; 20,0079; 
-3,62107e-08; 1,01175; 20,0078; 
-3,62107e-08; 1,01169; 20,0077; 
-3,62107e-08; 1,01163; 20,0077; 
-3,62107e-08; 1,01158; 20,0076; 
-3,62107e-08; 1,01152; 20,0075; 
-3,62107e-08; 1,01146; 20,0074; 
-3,62107e-08; 1,0114; 20,0074; 
-3,62107e-08; 1,01135; 20,0073; 
-3,62107e-08; 1,01129; 20,0072; 
-3,62107e-08; 1,01123; 20,0071; 
-3,62107e-08; 1,01118; 20,0071; 
-3,62107e-08; 1,01112; 20,007; 
-3,62107e-08; 1,01107; 20,0069; 
-3,62107e-08; 1,01101; 20,0069; 
-3,62107e-08; 1,01096; 20,0068; 
-3,62107e-08; 1,0109; 20,0067; 
-3,62107e-08; 1,01085; 20,0067; 
-3,62107e-08; 1,0108; 20,0066; 
-3,62107e-08; 1,01074; 20,0065; 
-3,62107e-08; 1,01069; 20,0065; 
-3,62107e-08; 1,01064; 20,0064; 
-3,62107e-08; 1,01058; 20,0063; 
-3,62107e-08; 1,01053; 20,0063; 
-3,62107e-08; 1,01048; 20,0062; 
-3,62107e-08; 1,01043; 20,0062; 
-3,62107e-08; 1,01037; 20,0061; 
-3,62107e-08; 1,01032; 20,006; 
-3,62107e-08; 1,01027; 20,006; 
-3,62107e-08; 1,01022; 20,0059; 
-3,62107e-08; 1,01017; 20,0059; 
-3,62107e-08; 1,01012; 20,0058; 
-3,62107e-08; 1,01007; 20,0057; 
-3,62107e-08; 1,01002; 20,0057; 
-3,62107e-08; 1,00997; 20,0056; 
-3,62107e-08; 1,00992; 20,0056; 
-3,62107e-08; 1,00987; 20,0055; 
-3,62107e-08; 1,00982; 20,0055; 
-3,62107e-08; 1,00977; 20,0054; 
-3,62107e-08; 1,00972; 20,0054; 
-3,62107e-08; 1,00967; 20,0053; 
-3,62107e-08; 1,00963; 20,0053; 
-3,62107e-08; 1,00958; 20,0052; 
-3,62107e-08; 1,00953; 20,0052; 
-3,62107e-08; 1,00948; 20,0051; 
-3,62107e-08; 1,00944; 20,0051; 
-3,62107e-08; 1,00939; 20,005; 
-3,62107e-08; 1,00934; 20,005; 
-3,62107e-08; 1,0093; 20,0049; 
-3,62107e-08; 1,00925; 20,0049; 
-3,62107e-08; 1,0092; 20,0048; 
-3,62107e-08; 1,00916; 20,0048; 
-3,62107e-08; 1,00911; 20,0047; 
-3,62107e-08; 1,00907; 20,0047; 
-3,62107e-08; 1,00902; 20,0046; 
-3,62107e-08; 1,00898; 20,0046; 
-3,62107e-08; 1,00893; 20,0045; 
-3,62107e-08; 1,00889; 20,0045; 
-3,62107e-08; 1,00884; 20,0044; 
-3,62107e-08; 1,0088; 20,0044; 
-3,62107e-08; 1,00876; 20,0044; 
-3,62107e-08; 1,00871; 20,0043; 
-3,62107e-08; 1,00867; 20,0043; 
-3,62107e-08; 1,00863; 20,0042; 
-3,62107e-08; 1,00858; 20,0042; 
-3,62107e-08; 1,00854; 20,0041; 
-3,62107e-08; 1,0085; 20,0041; 
-3,62107e-08; 1,00846; 20,0041; 
-3,62107e-08; 1,00841; 20,004; 
-3,62107e-08; 1,00837; 20,004; 
-3,62107e-08; 1,00833; 20,0039; 
-3,62107e-08; 1,00829; 20,0039; 
-3,62107e-08; 1,00825; 20,0039; 
-3,62107e-08; 1,00821; 20,0038; 
-3,62107e-08; 1,00817; 20,0038; 
-3,62107e-08; 1,00812; 20,0038; 
-3,62107e-08; 1,00808; 20,0037; 
-3,62107e-08; 1,00804; 20,0037; 
-3,62107e-08; 1,008; 20,0036; 
-3,62107e-08; 1,00796; 20,0036; 
-3,62107e-08; 1,00792; 20,0036; 
-3,62107e-08; 1,00788; 20,0035; 
-3,62107e-08; 1,00785; 20,0035; 
-3,62107e-08; 1,00781; 20,0035; 
-3,62107e-08; 1,00777; 20,0034; 
-3,62107e-08; 1,00773; 20,0034; 
-3,62107e-08; 1,00769; 20,0034; 
-3,62107e-08; 1,00765; 20,0033; 
-3,62107e-08; 1,00761; 20,0033; 
-3,62107e-08; 1,00758; 20,0033; 
-3,62107e-08; 1,00754; 20,0032; 
-3,62107e-08; 1,0075; 20,0032; 
-3,62107e-08; 1,00746; 20,0032; 
-3,62107e-08; 1,00743; 20,0031; 
-3,62107e-08; 1,00739; 20,0031; 
-3,62107e-08; 1,00735; 20,0031; 
-3,62107e-08; 1,00732; 20,003; 
-3,62107e-08; 1,00728; 20,003; 
-3,62107e-08; 1,00724; 20,003; 
-3,62107e-08; 1,00721; 20,003; 
-3,62107e-08; 1,00717; 20,0029; 
-3,62107e-08; 1,00714; 20,0029; 
-3,62107e-08; 1,0071; 20,0029; 
-3,62107e-08; 1,00707; 20,0028; 
-3,62107e-08; 1,00703; 20,0028; 
-3,62107e-08; 1,007; 20,0028; 
-3,62107e-08; 1,00696; 20,0028; 
-3,62107e-08; 1,00693; 20,0027; 
-3,62107e-08; 1,00689; 20,0027; 
-3,62107e-08; 1,00686; 20,0027; 
-3,62107e-08; 1,00682; 20,0027; 
-3,62107e-08; 1,00679; 20,0026; 
-3,62107e-08; 1,00675; 20,0026; 
-3,62107e-08; 1,00672; 20,0026; 
-3,62107e-08; 1,00669; 20,0025; 
-3,62107e-08; 1,00665; 20,0025; 
-3,62107e-08; 1,00662; 20,0025; 
-3,62107e-08; 1,00659; 20,0025; 
-3,62107e-08; 1,00656; 20,0024; 
-3,62107e-08; 1,00652; 20,0024; 
-3,62107e-08; 1,00649; 20,0024; 
-3,62107e-08; 1,00646; 20,0024; 
-3,62107e-08; 1,00643; 20,0024; 
-3,62107e-08; 1,00639; 20,0023; 
-3,62107e-08; 1,00636; 20,0023; 
-3,62107e-08; 1,00633; 20,0023; 
-3,62107e-08; 1,0063; 20,0023; 
-3,62107e-08; 1,00627; 20,0022; 
-3,62107e-08; 1,00624; 20,0022; 
-3,62107e-08; 1,00621; 20,0022; 
-3,62107e-08; 1,00617; 20,0022; 
-3,62107e-08; 1,00614; 20,0022; 
-3,62107e-08; 1,00611; 20,0021; 
-3,62107e-08; 1,00608; 20,0021; 
-3,62107e-08; 1,00605; 20,0021; 
-3,62107e-08; 1,00602; 20,0021; 
-3,62107e-08; 1,00599; 20,002; 
-3,62107e-08; 1,00596; 20,002; 
-3,62107e-08; 1,00593; 20,002; 
-3,62107e-08; 1,0059; 20,002; 
-3,62107e-08; 1,00587; 20,002; 
-3,62107e-08; 1,00584; 20,0019; 
-3,62107e-08; 1,00582; 20,0019; 
-3,62107e-08; 1,00579; 20,0019; 
-3,62107e-08; 1,00576; 20,0019; 
-3,62107e-08; 1,00573; 20,0019; 
-3,62107e-08; 1,0057; 20,0019; 
-3,62107e-08; 1,00567; 20,0018; 
-3,62107e-08; 1,00564; 20,0018; 
-3,62107e-08; 1,00562; 20,0018; 
-3,62107e-08; 1,00559; 20,0018; 
-3,62107e-08; 1,00556; 20,0018; 
-3,62107e-08; 1,00553; 20,0017; 
-3,62107e-08; 1,00551; 20,0017; 
-3,62107e-08; 1,00548; 20,0017; 
-3,62107e-08; 1,00545; 20,0017; 
-3,62107e-08; 1,00542; 20,0017; 
-3,62107e-08; 1,0054; 20,0017; 
-3,62107e-08; 1,00537; 20,0016; 
-3,62107e-08; 1,00534; 20,0016; 
-3,62107e-08; 1,00532; 20,0016; 
-3,62107e-08; 1,00529; 20,0016; 
-3,62107e-08; 1,00526; 20,0016; 
-3,62107e-08; 1,00524; 20,0016; 
-3,62107e-08; 1,00521; 20,0015; 
-3,62107e-08; 1,00518; 20,0015; 
-3,62107e-08; 1,00516; 20,0015; 
-3,62107e-08; 1,00513; 20,0015; 
-3,62107e-08; 1,00511; 20,0015; 
-3,62107e-08; 1,00508; 20,0015; 
-3,62107e-08; 1,00506; 20,0015; 
-3,62107e-08; 1,00503; 20,0014; 
-3,62107e-08; 1,00501; 20,0014; 
-3,62107e-08; 1,00498; 20,0014; 
-3,62107e-08; 1,00496; 20,0014; 
-3,62107e-08; 1,00493; 20,0014; 
-3,62107e-08; 1,00491; 20,0014; 
-3,62107e-08; 1,00488; 20,0014; 
-3,62107e-08; 1,00486; 20,0013; 
-3,62107e-08; 1,00483; 20,0013; 
-3,62107e-08; 1,00481; 20,0013; 
-3,62107e-08; 1,00479; 20,0013; 
-3,62107e-08; 1,00476; 20,0013; 
-3,62107e-08; 1,00474; 20,0013; 
-3,62107e-08; 1,00472; 20,0013; 
-3,62107e-08; 1,00469; 20,0013; 
-3,62107e-08; 1,00467; 20,0012; 
-3,62107e-08; 1,00465; 20,0012; 
-3,62107e-08; 1,00462; 20,0012; 
-3,62107e-08; 1,0046; 20,0012; 
-3,62107e-08; 1,00458; 20,0012; 
-3,62107e-08; 1,00455; 20,0012; 
-3,62107e-08; 1,00453; 20,0012; 
-3,62107e-08; 1,00451; 20,0012; 
-3,62107e-08; 1,00449; 20,0011; 
-3,62107e-08; 1,00446; 20,0011; 
-3,62107e-08; 1,00444; 20,0011; 
-3,62107e-08; 1,00442; 20,0011; 
-3,62107e-08; 1,0044; 20,0011; 
-3,62107e-08; 1,00438; 20,0011; 
-3,62107e-08; 1,00435; 20,0011; 
-3,62107e-08; 1,00433; 20,0011; 
-3,62107e-08; 1,00431; 20,0011; 
-3,62107e-08; 1,00429; 20,0011; 
-3,62107e-08; 1,00427; 20,001; 
-3,62107e-08; 1,00425; 20,001; 
-3,62107e-08; 1,00423; 20,001; 
-3,62107e-08; 1,0042; 20,001; 
-3,62107e-08; 1,00418; 20,001; 
-3,62107e-08; 1,00416; 20,001; 
-3,62107e-08; 1,00414; 20,001; 
-3,62107e-08; 1,00412; 20,001; 
-3,62107e-08; 1,0041; 20,001; 
-3,62107e-08; 1,00408; 20,001; 
-3,62107e-08; 1,00406; 20,0009; 